2 2 167
2 165 168
2 130 34
2 183 0
2 169 234
2 274 65
2 247 36
2 175 221
2 151 108
2 257 296
2 211 275
2 132 99
2 49 216
2 9 41
2 52 180
2 77 87
2 149 184
2 178 179
2 84 164
2 173 54
2 46 116
2 153 85
2 293 110
2 278 249
2 208 88
2 270 33
2 94 212
2 1 72
2 135 103
2 189 4
2 143 8
2 37 7
2 69 80
2 229 134
2 47 75
2 240 286
2 194 299
2 97 294
2 123 246
2 279 148
2 262 24
2 272 162
2 231 159
2 233 210
2 251 203
2 186 133
2 126 62
2 297 259
2 17 220
2 120 161
2 280 136
2 206 276
2 256 127
2 288 260
2 100 13
2 30 92
2 66 58
2 215 137
2 154 193
2 252 95
2 71 227
2 176 290
2 43 218
2 141 15
2 142 225
2 155 56
2 228 273
2 145 150
2 104 144
2 264 187
2 192 74
2 289 18
2 67 107
2 182 105
2 59 171
2 55 263
2 223 38
2 12 285
2 292 261
2 152 267
2 115 60
2 51 125
2 106 200
2 31 57
2 20 63
2 78 198
2 242 44
2 181 19
2 265 156
2 250 129
2 255 79
2 219 245
2 199 213
2 266 226
2 238 21
2 196 166
2 291 113
2 112 53
102 16 232 45 222 230 248 139 109 163 118 3 268 14 86 191 5 172 128 27 93 64 124 6 209 157 140 158 254 202 281 174 82 147 22 117 122 253 195 177 76 235 237 29 61 160 90 239 40 283 217 236 101 224 26 50 35 241 70 269 28 68 73 81 23 190 32 188 284 277 204 146 121 39 295 170 25 111 98 102 298 201 197 207 244 119 214 287 138 243 114 48 96 89 83 42 10 131 185 258 282 11 271
2 205 91
