2 6870 6689
2 8022 519
2 2658 1066
2 3883 88
2 3569 7499
2 5370 606
2 1038 3817
2 3259 4525
2 9476 5335
2 8789 677
2 6111 4742
2 6063 423
2 1150 6466
2 5571 2920
2 7223 8175
2 9326 7475
2 9472 2519
2 9380 4094
2 5244 6002
2 5672 4839
2 8850 2735
2 7441 7965
2 2049 5497
2 6453 2432
2 7049 2465
2 5665 5018
2 1378 5860
2 8131 672
2 1929 4601
2 4103 9888
2 8700 4008
2 2813 3090
2 6479 6916
2 9329 5324
2 5173 5970
2 9430 8310
2 5174 4618
2 1134 9409
2 3346 6663
2 142 2720
2 224 6277
2 4538 4855
2 6494 769
2 1410 4309
2 2117 5235
2 5953 2571
2 5586 1305
2 2208 8708
2 2508 7463
2 1558 1209
2 5538 9514
2 1343 187
2 1212 4377
2 3380 1097
2 7252 273
2 5859 9679
2 8618 6783
2 4865 5440
2 1300 9003
2 3618 3444
2 939 4059
2 557 1900
2 7795 6815
2 7058 9752
2 3985 7861
2 5841 5769
2 6260 8477
2 1722 5086
2 2163 8518
2 3286 5445
2 2664 7070
2 9766 6263
2 7472 5934
2 8377 9305
2 8154 9707
2 8069 5299
2 144 3607
2 8217 9313
2 2169 9976
2 7093 3549
2 2276 6695
2 1510 9393
2 3204 4758
2 4929 1335
2 9117 1867
2 4120 6822
2 3643 7429
2 976 3156
2 1006 3629
2 9536 5300
2 4955 1273
2 4124 2316
2 3458 2883
2 2755 4307
2 626 9799
2 8582 3307
2 8921 7040
2 8957 1757
2 6016 2949
2 9915 6670
2 2273 1315
2 3969 1543
2 4592 8703
354 5891 5192 9288 3921 138 8519 4743 3038 8205 2967 5047 1643 4092 6522 5451 9088 9441 280 3934 3769 3094 7167 1488 9641 1853 8827 7266 8631 5935 1337 4718 9396 4263 9316 4605 981 3326 7532 790 2687 761 3684 4336 7440 699 4294 9669 7743 9900 1080 1754 7029 9423 8918 5362 792 5542 6648 2553 4104 2423 1511 7304 9237 7998 8981 7288 8646 5243 9155 3599 3183 7625 9990 3121 5122 7203 5771 7551 2823 3456 3511 7306 5090 1760 4594 7908 1436 4513 455 349 6444 2564 3642 5454 861 570 3543 855 7334 4533 9949 3821 1126 1927 5748 3465 1712 6404 8094 3856 163 7425 3661 2383 4754 7134 16 1634 7797 7087 2230 8198 9688 7645 9079 1383 8007 2991 3220 4404 143 1166 2685 3476 812 6756 6275 4668 7402 4988 4852 4799 1923 2433 7047 8349 4182 6201 8831 8562 3245 8498 4825 4917 1745 1540 4683 7585 9607 7135 4748 1995 9656 3216 6186 5759 495 1566 1096 5447 158 1895 7830 7078 4368 9815 6292 5035 7674 5862 2500 942 2102 2764 3243 752 7790 6253 7866 7210 5095 371 6053 6569 3662 471 1500 2611 9460 2042 235 7415 3512 3082 226 7628 7426 3990 4997 8459 2865 1697 3609 3390 3278 5120 2694 7627 9458 6761 4939 3649 4859 9163 5918 707 7014 1046 2742 5819 1613 2063 2757 8713 7156 2466 4925 4302 4570 8585 3783 9268 7927 1656 8580 314 7059 6389 2783 320 1889 6359 3587 6612 8356 5330 8795 4645 9617 6562 5081 1986 1633 8407 2404 2165 9544 361 76 6046 8105 8023 3327 2078 3998 6078 3603 4973 2125 4761 1556 7343 8476 1267 7677 9119 7521 3079 3116 3688 3952 4365 3224 1690 1358 9718 7994 4940 3501 7705 1297 5190 8374 7511 3209 1913 3540 339 528 1377 2998 6597 4005 767 8633 6540 7555 4808 2031 7189 3158 7680 5637 1779 2684 6327 8115 8249 8493 1285 8413 8215 3739 5913 5098 6306 9804 1021 6911 3833 2981 6600 6744 3291 3147 6960 3827 4483 5886 9723 773 5991 1880
2 2055 9847
2 3617 7401
2 1948 2135
2 1569 5424
2 8350 6115
2 247 2917
2 7173 3869
2 5723 117
2 9970 222
2 6185 7928
2 7161 4071
2 4891 8292
2 6221 7005
2 8710 6807
2 3528 7957
2 3812 8731
2 9354 9619
2 3021 3855
2 3880 1138
2 4186 303
2 8054 9325
100 5821 2559 1130 2474 763 1860 7396 4700 3485 3771 9993 8189 377 2131 2574 1976 9817 9041 4172 5801 4569 8412 5770 8986 1858 412 985 7066 8344 2036 5380 1921 4355 4252 4989 3594 4858 3904 2756 8359 4752 8935 6984 6331 6142 643 5994 6894 819 6314 3210 3227 2431 4142 9593 1426 2583 1354 9083 2615 5391 9258 9613 5724 5346 1842 4333 5506 7535 6032 9659 3221 3926 856 1682 9092 2144 7097 9732 9232 1416 8389 4438 7962 5000 4405 1356 8394 1411 641 1022 1061 7346 8788 3709 3614 7025 4469 1339 5071
2 7641 713
2 4268 4894
2 3097 372
2 3032 700
2 8301 6831
2 1019 3167
2 6342 961
2 4243 2061
2 231 7657
2 8147 6706
2 3064 6381
2 5471 84
2 5543 3055
2 4622 1560
2 5504 837
2 4156 8640
2 3588 24
2 3386 4143
2 4846 920
2 4662 3555
2 2627 541
2 3755 2356
2 7036 6901
2 6919 1515
2 8331 4078
2 9916 9675
2 5629 3442
2 4374 55
21 6152 3253 9548 3685 6995 1113 8290 3516 8139 9049 5254 1973 6463 6031 5578 3381 1381 3578 7804 6544 9459
2 465 2576
2 2848 8329
2 5020 6412
2 5631 4346
2 9796 3580
2 9573 2247
2 5253 549
2 8113 4090
2 5415 6198
2 5501 5885
2 9227 9523
2 5398 3988
172 8319 9140 9156 2628 3784 7462 9351 9818 6280 1872 8223 7785 3891 2211 3340 58 1453 2161 3577 8116 8877 4886 3425 4933 3961 8972 9389 8626 7021 5439 9562 105 3413 9141 4702 8151 2347 3575 9169 733 468 8724 4370 572 4906 6421 8507 8754 9290 3598 8370 4489 6174 1493 9457 1361 1954 3403 4540 5301 6848 3273 9429 3764 4947 4651 878 3831 4577 8909 1788 6628 3019 5302 4416 9879 9061 9841 5753 8495 3837 1571 1078 8501 8229 5118 537 5810 5957 1499 1770 430 2323 625 4655 7106 2032 8860 4759 4280 141 9907 418 2485 5930 2202 5004 9739 1568 9395 6561 7044 7372 1716 1496 4649 7192 2933 5962 3790 5338 2608 2291 9567 5904 4734 9191 1260 6891 43 6873 2469 351 6668 9385 3849 5811 1444 1806 8304 6161 3159 1326 2819 7732 9180 179 8237 2882 5021 165 7599 3633 1615 8704 5296 852 6793 9999 9921 4836 9914 6143 1284 3638 6403 2297 2445 3936 7678 4941 2736
2 5230 4637
2 4716 1005
2 9677 375
680 9569 157 1224 8686 3520 355 3834 279 8267 2068 3083 3299 5407 6149 8674 5256 4170 5039 5932 4890 4739 2170 366 7217 8138 5162 779 9012 410 2010 8257 8089 6660 4610 4091 4445 531 8371 8454 8548 7287 2714 4903 4613 7565 7922 3894 7991 2506 480 9276 7967 3493 9382 6963 6705 3461 5110 5476 5566 9725 945 8763 87 6556 4643 4806 3989 4454 4633 1587 3175 7584 5999 8639 5329 4130 3477 8261 8905 827 1398 6025 4985 159 2275 3212 8649 1175 9597 1953 2833 1468 2305 7944 720 8442 5249 9045 4457 1517 4474 4843 4185 9710 7792 413 1032 3397 5800 431 1237 9705 1714 7442 5311 2563 7824 4095 9242 5388 1392 9358 4587 5808 2231 4707 8738 7178 30 596 2950 9477 7168 530 4902 6696 3057 1336 6714 8811 1581 2250 8643 3568 463 4731 2434 4041 4515 4883 927 7644 1200 1191 5482 7502 1971 3208 309 296 5587 9427 8446 3378 2497 9785 3424 2864 9773 9800 1029 9277 7300 52 6799 9330 7473 2197 9538 5104 2180 5013 8256 6764 2027 5512 1106 9590 5275 6199 2472 3328 3062 128 9851 5214 8910 2877 7278 6791 5200 7299 897 8 6760 5620 4473 3838 7052 1678 2229 2190 1017 2577 6969 6555 1938 9036 2953 7619 5065 9753 1251 6588 6352 4771 9078 3574 9875 9795 7086 5270 7701 9531 2029 2028 2303 4115 5078 5964 8697 6559 5708 7353 6996 2732 5671 3913 4769 4372 5791 3550 232 9467 4464 5418 1583 2652 172 1420 3648 4943 213 7851 5611 7289 7915 608 6182 8030 4961 3907 5045 201 1711 9837 2798 8001 6890 2437 3417 2722 9758 4 8416 8279 7123 4611 3839 2925 7177 2992 7001 9410 9958 7592 7983 1045 1065 3704 7324 547 2957 3350 1187 3306 5219 6784 2200 1437 5105 4388 3437 5233 8894 3101 8808 3910 5667 4888 4549 5826 7027 3770 7718 4463 3925 3532 5495 1890 7098 4612 4424 9492 7889 6624 1593 7848 2402 6369 3478 5804 6250 877 6759 7590 3592 7414 3792 2129 36 7923 28 5855 6711 5262 8369 2610 9757 1636 7841 6977 2455 2467 4394 6396 3073 655 2345 3406 1205 1946 4937 8161 2101 5781 9537 7092 1943 7938 2484 1960 2886 308 8165 9627 1052 5750 150 5354 2943 1154 4425 8537 5900 3118 9206 9681 1223 6531 8777 1591 225 9154 1601 188 9053 744 398 4930 282 9606 5760 8619 5130 4019 5908 6000 2001 9399 1742 5279 1641 470 593 2501 5612 659 1384 3927 9174 2676 3571 7117 5610 2763 1475 290 7246 1531 4238 5238 202 9777 5106 2899 3590 7080 3136 2057 8806 7633 1964 3488 6335 4730 5221 4701 6859 3349 3947 4968 79 5041 5003 302 2178 9384 6148 1542 8922 5485 4224 3651 4546 1843 45 3731 1688 4036 8085 5349 2214 2822 7397 2670 7623 703 234 9112 3284 7828 6634 9130 8387 7642 3741 4229 8693 4938 3084 586 9684 8801 7101 9849 3845 6860 1869 5703 4910 2153 2338 4802 440 3519 7765 4362 9353 5785 3682 1702 2372 4328 3007 5714 7190 1951 918 6229 3012 7051 912 4490 5207 4053 9122 6391 6560 9324 3421 5980 6247 2428 483 7286 6774 4815 7497 2726 1364 197 7673 839 2651 9321 1303 363 6038 3351 284 9948 8130 7277 5590 8107 4427 9301 764 5622 6884 4108 3679 6060 2697 7218 9749 1090 3844 7282 8475 5633 7606 26 8357 732 6037 2894 1793 9649 422 4415 1400 258 7446 42 6051 3169 2353 995 651 1487 5880 4819 850 7879 7878 8514 8662 9381 561 7127 2572 5764 5721 879 2922 5124 6112 2851 3441 1679 3615 2504 6477 9038 2191 6557 8851 8004 2373 7808 3143 1239 5287 1174 4207 2599 6104 8753 9929 8483 6409 3001 7437 5532 3972 6720 2630 8373 3232 4154 6936 9230 457 8441 8448 2173 9943 5851 8345 7767 4559 2759 2710 9997 8792 5281 923 4868 1146 7621 666 8253 5059 1626 4557 2581 9287
2 8171 2869
2 3289 7956
2 8874 5716
2 3408 3103
2 9673 8962
2 710 3371
2 391 7929
2 4803 2009
2 3857 1992
2 8594 9283
2 7115 1776
2 5334 3149
2 1247 4058
2 4319 1664
2 3929 29
2 2225 2020
2 2530 5868
2 7733 6961
2 4145 1833
2 8122 9563
2 9906 1888
150 6644 1353 7172 7231 9388 6803 6937 5718 2566 2371 7385 2218 4359 9622 4512 6379 1570 3098 3556 728 3254 9348 466 6771 7676 2621 3162 8650 9194 3874 6166 1317 50 2810 6838 160 1619 2397 6867 8528 1504 1081 6318 866 6786 7307 3317 3065 5030 4770 649 9499 3808 2013 1720 7378 7271 846 3813 9279 1095 7085 1490 4547 4461 9266 3766 5005 1930 1799 8445 5069 9250 6929 4257 8053 9394 93 907 9010 9192 7492 833 1397 3155 2948 7212 9998 5537 8513 80 4448 6474 800 2989 5861 904 8142 2100 6109 5239 5754 8931 4314 127 760 2826 3046 2529 9214 4542 7053 5484 5624 3235 9379 1942 4675 8224 5738 1651 323 1689 7742 2796 1676 6099 7707 5530 5463 5909 8240 4068 5255 7152 5140 9848 4629 5914 9579 1956 5975 4949 4588 4329 9360 7909 1376 5226 5903
2 2130 4150
2 5606 7399
2 7533 4842
2 8870 2912
2 7825 5693
2 1020 8406
2 1559 5341
2 8543 7141
2 994 48
2 3631 474
2 4725 2695
2 5273 1528
2 2724 9084
2 8535 9216
2 7404 4379
2 7700 2986
2 638 585
2 7986 6228
2 8210 5406
2 3043 583
2 1359 8559
2 2862 4435
2 2818 5717
2 737 3281
2 136 7952
2 2897 4494
2 9517 5304
2 9334 297
2 3825 741
2 3562 7640
2 6467 5598
2 4750 445
2 6997 3564
2 3664 6952
2 1646 9207
2 2845 568
2 5697 3025
2 2597 734
2 4160 8395
2 8178 4495
2 7111 622
2 5848 1040
2 4241 7561
2 5108 3471
2 8120 2008
2 8941 2941
2 8527 957
2 5029 3239
2 6795 3743
2 1547 9979
2 2770 5381
2 5720 4882
2 472 8675
2 2441 7877
2 7766 1735
2 5944 61
2 8847 8840
2 5063 8950
2 2659 6649
2 616 6541
265 4177 3457 8492 5133 9535 3015 3480 2565 2270 4867 4194 333 283 9073 7858 1458 6296 6339 7016 1660 8608 1162 3657 6295 9893 1104 6120 5224 2584 562 1983 434 2689 9089 1985 9145 9391 7416 9762 2578 1371 8399 8040 7875 5085 3660 5655 9373 9811 3099 4660 6875 8108 3584 783 9340 6551 2148 1352 7125 4616 4290 756 3261 4034 122 5993 8572 8423 4468 7315 2038 2319 2890 1093 8398 1296 3414 4267 511 4202 5613 2168 1324 4711 6957 9822 8457 4190 9912 6775 7558 6782 8873 6577 9398 7244 4499 6248 708 7894 41 7870 4697 4728 8214 5470 190 8945 8339 7466 9891 8653 2195 1616 6727 8307 149 6447 7251 3364 2387 9576 4962 1592 1423 7544 3285 5765 66 3109 9147 9055 657 803 4844 6790 9835 9421 2420 4017 6107 1062 7652 7934 2790 7747 6690 9270 535 5193 3166 5827 9307 8024 1047 312 9386 1180 3836 6035 9267 7082 3470 5514 4956 2650 5893 9345 3395 9899 8673 5820 5834 173 1979 6565 5564 5412 1852 2118 8155 7780 7552 8838 6278 6785 7247 6572 4539 2416 1100 2051 5825 7924 9872 450 847 1536 6868 8263 6134 9162 1331 8490 4507 2331 3430 7368 9582 8426 8153 2858 9708 9748 6023 5839 8056 2970 198 2556 7643 67 656 8341 400 4857 3277 3360 1024 7651 5550 6484 6287 7519 6622 6499 548 6431 4691 7242 7319 1422 5828 9245 1551 1035 8297 4773 6348 9750 3536 5858 8599 8422 2620 7109 5371 7122 9550 5513 8965 1192 2053 4887
429 4476 1978 7232 9857 5535 8925 1425 4518 9224 2224 4893 9589 4062 8871 3195 2746 419 6592 9696 3683 1403 4039 6712 5713 5923 1133 7474 9947 3916 953 8577 1822 4044 2095 1391 6001 6497 5921 6906 4816 689 64 8036 896 4462 4703 797 5702 7698 8049 1598 6307 7685 3951 4676 6493 740 3498 7883 5411 5413 4804 7389 3622 9420 8109 1220 7545 4653 6425 5277 8488 2030 3037 9816 3518 8775 60 8814 1667 6640 8134 7118 109 1136 501 1681 4552 8118 2041 7480 2159 9114 403 2317 1053 5523 4684 5009 6071 5180 38 9850 6944 3956 4225 7002 4444 963 7236 540 7515 5741 1122 5259 6739 5746 2318 1881 2914 2253 705 7486 975 9274 9383 8400 2446 8691 956 5591 119 1455 2705 1121 642 5728 9936 6308 7526 941 3460 9248 2661 5558 2775 5522 9655 8942 2307 7541 5806 8638 8696 3047 7604 1012 5438 6896 407 1856 2622 7554 86 7976 6598 3538 1761 4264 6490 2077 3010 1072 7505 7715 9923 4897 8002 9882 8269 9510 635 5266 5310 3067 6027 270 9450 9203 1291 9727 9150 2590 2934 8569 7538 7360 4849 7689 4434 4912 909 9243 4300 3636 4410 6842 6299 8491 6205 5028 5832 100 1584 6100 3382 9813 4889 9604 9344 3450 4219 2955 7542 9066 1116 1103 4514 4805 2665 2708 3932 5940 7803 193 9200 1605 1467 534 6770 496 7670 373 9802 6029 3800 5846 260 6450 5673 2294 1910 12 5419 7060 6981 4429 1848 1916 9680 3129 9022 6585 5006 8401 7369 1265 6779 2219 2113 9768 8656 2259 7886 7838 1851 1125 9781 5574 4524 2990 5691 7084 5789 4215 6407 6673 124 7471 6246 6836 2312 1996 681 7256 85 3126 8381 1801 8956 162 7338 9592 3035 6829 3757 439 5015 7260 5526 9369 9442 6636 6022 954 1128 4782 3329 5007 227 414 845 5288 5074 9108 5278 8096 5645 8403 7953 8829 7748 7263 2104 7371 2098 6356 110 3405 5114 9981 6351 4279 3392 1387 5931 9683 2333 5670 8020 5496 7624 1189 8018 9481 9721 3184 9922 7763 2478 6224 5867 6385 4310 3294 9454 2935 3268 6487 3377 2116 9527 7568 5056 2916 3970 6849 287 5185 8570 3558 9828 9772 898 3563 1925 3017 564 259 191 5316 8953 1390 4208 9211 3433 4258 9135 6596 7023 1944 1663 7719 8595 1325 3496 2619 9737 3324 6076 8996 4774 301 4580 350 4811 5382 1206 3193 5573 9019 4717 5332 7284 7613 180 5983 6321 4796
2 3185 8420
409 1088 6724 5892 8872 7405 6863 3095 9719 738 2292 1271 6289 9171 891 3803 4834 9559 5694 9107 6476 2847 8124 9539 670 3746 347 8282 5833 4032 1155 6069 9603 9965 3191 7969 6429 7664 99 1975 8776 7419 9963 1476 778 634 2831 9814 6094 2457 1334 6826 9633 8699 9424 3114 7833 9333 8203 4218 1311 8316 34 8741 8014 9220 9596 168 843 2360 5217 2097 7595 5109 2344 7421 2262 8197 794 4872 266 2119 9575 6530 1905 7867 7365 9508 8734 6413 1448 448 5845 7563 2931 6242 5048 4614 6892 5203 3630 2181 1625 7033 200 998 8247 2011 5896 6525 9630 2050 9413 8206 8078 8813 4582 4363 4087 8275 9435 5054 1369 2351 3066 6897 8055 6172 4371 6169 1522 6393 8672 9015 1957 1233 3074 6650 4386 7968 6313 7523 6526 9886 2385 1092 1831 9037 7850 8300 7309 7461 3797 6941 7665 1379 4240 6481 6249 7262 167 1060 8487 5758 1915 539 1213 9989 874 6709 2550 8126 8586 2462 2018 6133 9713 8006 1525 3222 1367 967 7094 5794 5895 9070 4977 8061 3472 1341 2690 6470 690 2549 4753 4768 5017 9542 7520 8565 647 1878 6907 5580 14 8516 4600 2656 6657 6482 1715 4820 8010 3304 6322 8322 2499 2092 2310 1160 3733 4971 272 7316 9338 1539 8188 2495 8934 5298 1961 73 3091 8718 8995 3735 3419 582 2087 4722 4720 4127 979 6951 7157 2361 329 9146 5430 5865 6121 8135 5080 5662 5528 5743 880 1658 1777 2096 7501 6124 3050 990 7735 1599 3742 4657 1836 5805 7788 685 624 3566 8434 1732 9952 5431 8080 8291 9767 5359 8199 7069 2872 7241 7690 4496 2264 6645 1286 8923 493 9682 2855 8936 1931 4900 7528 7591 8083 905 3434 6276 5169 9894 6074 3826 1819 3475 4573 6214 3365 844 7050 8623 1064 1211 2876 5920 6137 3257 7071 2777 3409 8900 4666 1481 876 1936 8099 9160 6614 6226 9836 4744 9403 3312 5559 3748 8073 4824 3527 8430 3903 8726 6464 8064 7019 6402 3320 5549 3178 249 8809 1789 9933 1991 2184 4439 5910 864 1385 2132 3388 9462 7947 6735 6904 6913 5250 589 454 3027 6794 1131 2070 6397 3292 5850 3325 884 9495 977 486 2677 8245 3986 229 9924 2654 7037 9436 6509 1582 389 3028 384 6745 6583 8553 7684 6018 9520 2346 1067 4793 1159 3560 8227
2 8123 9581
2 6458 8728
2 3994 9411
2 1139 4214
2 4338 9020
2 9131 5902
2 3559 7119
2 8480 2429
2 181 6456
2 6127 489
2 6439 268
2 1718 9626
2 2410 8342
2 5225 2278
2 8556 580
2 3402 610
2 9532 8179
2 1226 1993
2 3313 3692
2 9736 7799
2 3589 6361
2 20 5161
2 7375 219
2 9172 4687
2 8453 3030
2 7783 9187
2 8337 9291
2 6748 2313
2 6613 554
2 3737 4788
2 4911 3693
2 8552 8204
2 8740 6424
2 5179 4098
2 2203 9698
2 3724 4066
311 9770 1866 4630 6701 6978 6578 4193 4821 427 257 9524 3463 376 7048 2596 8336 8800 3452 5055 8258 6731 911 6922 7364 962 8540 9306 7749 7589 411 1485 1620 1073 3170 421 7248 7494 6445 1460 805 525 574 2993 2069 9030 9364 2632 4624 6220 7979 4983 1693 7823 8836 988 1945 1406 8761 9561 7255 2320 1446 5286 6371 5958 9588 7553 7121 6264 4284 7017 9491 7881 8660 9869 1723 4904 2334 2768 921 6355 8652 8246 4256 1573 5016 185 6191 553 7020 753 3293 6004 3042 6010 1299 4982 1216 5425 965 210 706 441 5202 3443 887 9484 9363 4116 996 7557 6513 1535 5687 2815 1579 3730 9259 3337 9812 4854 7428 9205 7993 9422 4063 6209 7354 3368 7479 1671 2021 5164 7273 5517 4320 3533 7408 6245 2380 3641 8615 3867 9184 6558 9474 3689 3171 9123 8286 7720 360 2655 2781 7615 8610 9513 2835 5474 9157 686 8881 5876 8029 7744 6410 2002 8983 7342 9347 9278 4599 5374 348 8482 640 9980 2450 2157 7359 5699 9465 926 1537 3949 9966 6077 3680 4584 334 2966 3248 5352 9945 9838 5570 2112 5246 2902 5793 6840 6877 8694 7344 111 1274 9179 2487 6483 4119 6603 148 6511 3264 1765 3176 584 4779 1518 126 6699 5257 8298 2778 936 5787 8529 5241 2649 2729 2557 2196 2237 1108 1132 3758 940 9996 3700 6801 3119 3850 7658 3595 5229 9658 4060 1736 2255 6615 1726 8468 3740 352 9639 3125 5749 5640 6222 7736 9845 9756 8657 7062 196 4113 4636 7150 8017 1949 3145 3104 8716 408 2026 5272 9672 1919 8326 3181 7762 1087 8830 8679 1118 7275 35 807 7556 212 6320 2510 4603 4500 5475 2593 3161 1421 7940 1002 835 2412 873 7482 4679 5968 9803 4646 3647 4027 2591
2 9776 1815
2 722 6780
2 3619 6900
2 7467 6160
2 1653 7318
2 4292 7911
2 6257 9901
2 6721 8698
172 6113 4056 6688 6153 1674 1759 7398 9625 426 5111 1382 7906 1668 3018 664 8522 51 1812 7225 5040 6955 2164 4126 8170 7586 255 6903 2776 2587 5541 9747 8969 3665 7769 8021 7631 5916 6468 7847 8318 4621 5492 6095 9862 1750 1219 337 9852 5563 3663 9664 9987 9056 6768 2060 9904 9062 2075 7560 7661 5218 4412 7136 8129 6722 7775 3219 2194 5924 9516 4914 8937 9935 2435 9448 9356 261 1781 6646 973 7367 1347 5378 7500 4957 9143 481 2109 1768 3404 3122 2731 9865 5648 6282 2503 2498 2329 1891 5010 8355 4511 5977 5582 8220 6512 8354 1854 428 6311 1553 5688 4972 6013 4272 7142 7692 8875 4715 6188 1894 2127 5887 2969 6895 1474 5638 2481 2071 7846 6244 1408 5561 3919 8009 3898 1628 1562 8294 3135 4516 4465 5094 6518 1058 3530 3805 1538 1652 4950 7436 5732 1228 3504 4492 5141 8913 8819 2359 137 7383 5979 4520 9530 9256 5649 368 2430 8968 8306 7581 7325
2 4348 5881
2 8019 8520
2 5646 5027
2 6170 2327
289 8947 8102 8167 1486 3256 8464 4924 698 2379 4220 8016 8767 6958 4054 8745 3134 3868 54 9031 7143 7904 5978 3223 4221 1899 5520 1298 1323 2204 9540 9552 631 8458 1484 4340 6462 5072 8526 7267 7340 1241 5070 6602 7065 3782 1282 1705 7536 2700 7802 9697 8667 9176 6426 78 4710 6678 5 5139 9890 242 6042 2122 9100 3728 5949 4135 7711 9493 8156 2048 5401 6427 5491 8702 8917 288 3061 5260 8410 4133 3968 7146 6284 6028 4210 515 2795 4274 6480 7265 2893 155 5961 1428 6128 6620 7438 1308 946 8264 8081 2298 3828 6212 2797 9897 442 9726 8239 9645 7264 5937 8588 3853 5036 1388 3999 1586 299 81 4510 9973 6072 7056 1009 6672 8505 6125 1112 2269 6365 7859 1772 9090 369 8182 6156 5847 5247 3526 9148 156 2249 2871 1070 241 854 8568 3265 4249 7452 6740 6824 5437 5950 826 3226 2666 6805 1824 4281 4901 8729 6847 1181 6256 5635 9735 6225 2034 4470 9663 3347 7731 750 2706 592 7647 5342 8943 3426 7175 2216 605 1885 8510 555 5829 9512 571 5873 0 2637 2343 6928 8666 7088 5032 600 6825 9064 4704 9255 4367 5711 1602 9790 208 1466 8661 3508 6207 613 8200 798 8810 8063 254 1623 6064 4344 3694 813 6066 7130 7842 2413 7782 2492 1433 860 6217 5705 1519 189 8632 6147 5557 7478 153 5489 1102 4426 6536 1365 7196 6293 2809 680 1755 3252 3917 7090 9376 4450 9048 2534 9760 4373 9920 8929 3297 8954 3023 379 8340 784 4953 3911 3705 2749 9519 2954 7379 1695 1037 5562 2709 6834 9349 6090 6879 872 9868 8730 2718 6527 9504
2 1418 7229
2 9304 113
2 9558 9670
2 2509 3667
2 8414 6767
2 4432 3410
250 2964 2531 9431 3659 1802 4921 2005 4134 3113 7457 2653 8238 4209 8058 5807 4168 6386 1797 6093 5416 6925 6346 17 8651 7916 8503 3454 3063 5733 5707 8574 7872 944 3078 3085 1734 2234 8593 5803 6885 9587 8027 8092 5405 3394 7149 5628 2079 1169 3271 6993 6119 5601 7667 4102 6653 9615 2357 9314 458 6523 8418 5976 10 804 5196 6659 4692 746 1257 409 7654 3068 6940 5146 2037 3490 5599 1875 8321 6394 8849 1717 3352 7187 6773 2207 2852 4932 9164 1440 4561 587 1164 1313 6330 630 3076 2867 533 6368 6008 8892 5877 3165 1990 7992 27 5579 8440 4451 8964 3447 3899 2785 6258 633 7834 3449 2426 817 8405 6839 9961 6254 5660 5776 7413 1262 8162 6869 4353 3174 2348 3725 1645 8592 6999 6006 3439 5731 871 4345 8311 7941 387 4118 1863 1530 2936 6184 6106 8266 6726 1661 7341 3787 4236 243 9794 5345 4107 2857 5583 6959 5012 3481 3303 2411 332 718 8665 5533 6582 3448 1042 3612 6454 1350 6554 7898 194 2889 4136 9463 1871 9225 6417 9840 7836 4709 4308 7224 8886 207 9712 2940 5313 5816 5147 9731 5008 2088 354 6452 4442 4436 7800 831 2025 8274 1969 318 8026 9810 8975 550 494 6150 5340 6101 3906 9831 2171 5498 3655 7031 2836 9642 7337 4361 1947 2476 8035 5138 1706 4052 6441 4352 1785 3362 7779 5780 9252 1178 7444 8303 1000 2660 7227
2 1082 6633
2 8098 394
2 5508 7188
2 2618 8271
2 4047 768
2 295 5402
43 5390 2774 1703 6155 2907 7682 6684 4877 7233 1435 4991 8235 6576 578 7634 2663 3611 1074 9714 4174 4698 9199 1821 6129 5168 5639 581 7534 1186 1194 7483 6547 9449 9249 2866 9693 7809 7362 6252 2212 6377 978 1135
2 2586 1724
2 6507 8213
2 8375 7849
114 590 4586 1098 2901 9829 9034 5208 1746 1606 6300 4002 645 9500 3640 8743 4671 9984 814 3255 1396 9629 6449 336 9302 3736 9050 140 6305 3100 4121 2827 6223 82 1163 1094 6151 2702 7607 7759 6176 2422 3280 5652 3013 9453 7420 598 4733 1394 4608 7010 6674 4481 4936 4003 6294 5465 4672 1218 9002 7614 669 1452 2342 8127 2683 736 3702 770 9058 1307 8659 7268 4840 2300 5634 9687 1709 2937 9608 7978 7504 7518 6545 5502 2308 7609 2825 1533 8959 3396 8201 6594 7193 9541 3534 437 4191 7194 6200 5815 8895 3774 7862 2448 2015 4417 8711 7075 9346 1844 6190 1399 8670
2 263 6418
2 59 6843
2 3069 3168
2 6350 2507
2 8898 8509
2 5046 2828
2 464 8587
2 2408 9733
2 1254 1332
2 2840 6965
2 675 1227
2 3984 6044
2 7601 6656
2 7713 6694
166 7758 3697 8042 6043 6918 5261 3884 6976 3535 9665 4765 2058 7183 9623 7297 3818 7283 8148 490 3542 8157 6233 32 4110 3422 7722 7571 9127 328 9911 484 2673 6765 1857 6719 2868 7914 9556 2139 8011 765 8172 4061 7096 1920 509 2727 353 987 4617 5677 2236 1830 7336 9129 8097 7170 176 7931 1193 6510 7895 3835 1526 7145 3551 7831 3234 8241 4589 3928 4828 8590 4447 1864 9854 969 2997 6682 8629 5630 6157 3237 2143 8609 4975 1897 5736 9779 1137 7946 2982 7491 8720 674 8848 4079 2592 5712 3865 8431 4401 9867 8187 4123 6304 513 4230 5960 4157 5761 6503 7801 7410 8500 5152 2762 8601 777 7753 7811 3322 5786 1014 6243 6543 5654 9071 1016 6387 3188 2172 7754 9765 1229 6430 8278 2263 5307 742 5158 3778 5572 3699 4147 7610 3752 1007 2812 1 5062 9392 799 2944 4390 4321 7936 1027 7760 23 6610 7464 3207 8727 476 8563
2 3279 19
2 4042 8564
13 5988 5222 4948 8111 4644 9910 5969 499 311 8192 820 6753 8967
2 5125 1794
2 406 8630
2 3586 7293
95 8517 6269 1089 5312 1013 9040 604 6908 1654 4235 3236 2782 7430 1231 510 2875 9105 883 4141 4560 6575 9298 4349 6009 8276 1409 4025 4421 8641 8883 346 1198 3583 2582 696 1477 1813 5088 780 3547 2162 9821 8270 7363 5211 9861 5365 5623 1524 3354 1478 9197 3343 3315 7662 4530 9895 97 8857 3552 4084 6298 8949 3014 1462 4335 9647 9578 4231 1751 6384 9082 8978 7784 1513 7000 1442 9798 71 5621 7239 636 3272 8397 9740 240 9418 6912 8047 1208 5553 7270 7575 9121 7110
2 325 2603
2 8044 8787
2 4069 7140
2 5857 1883
2 1261 4536
2 1304 7709
2 3514 7064
2 9638 1879
828 1439 8783 9720 8603 1850 5321 7966 3646 4869 9944 6552 9265 8683 6811 2959 9844 8655 9099 1107 5353 8834 9028 1465 2522 1057 7746 6664 9318 9717 3877 7028 913 1120 5619 6398 9378 1614 3962 7975 6639 7431 4998 3418 4323 3841 3509 107 459 4880 9355 8991 7548 3215 154 7454 9408 7817 3982 9144 7205 4647 9967 6902 7950 577 1968 6036 4291 8868 7798 6635 9611 4681 3625 5874 3336 5625 8985 5356 6519 4184 868 6395 7728 4916 9526 8533 1188 5647 5050 4593 4795 7576 4046 2863 8732 2138 3054 7151 6374 5128 7181 4787 5156 5212 8005 9455 8645 8681 1673 2468 3698 8545 8479 7120 754 3712 1401 4014 3058 1698 4246 2963 4222 3379 1145 4458 4414 9196 345 8997 4837 5739 2188 7012 2544 8313 1071 1480 5905 5462 5044 4330 7495 7774 7638 9060 6924 3713 3823 2341 7345 5033 5283 9775 2605 6108 4884 2160 6621 5145 8015 380 8625 619 6920 3721 743 2141 205 5163 9005 461 3905 9444 8893 7970 3775 3815 2932 1151 8455 2103 5888 5657 2242 4029 2065 1748 8676 2881 5068 3920 164 8882 4189 118 2947 676 2241 9365 3462 7394 4306 1302 3816 9605 4729 5269 1784 9006 8140 4628 2978 4398 44 3763 758 679 2595 4970 2266 6145 5695 5837 2235 5395 2766 1597 6749 8778 8353 5423 6837 3070 8823 8779 4273 7208 2644 6290 6227 8961 775 1687 3117 2183 9666 4658 7257 5339 6187 7945 139 8749 654 6167 888 316 7460 9759 2607 6270 8417 6854 4664 4942 8234 6126 9742 986 2022 9077 8785 6353 5142 8486 5641 9016 473 6084 5722 6097 2636 8669 4978 5151 5303 4996 4928 4250 5735 9139 6737 9260 1580 8380 8634 8196 1955 8664 8272 2365 9215 4922 5835 6723 9447 1184 9285 8908 9433 397 2280 2721 7653 4848 5121 7322 8951 4391 7839 8438 8106 4632 7932 8647 3976 2999 1215 6472 3864 1329 8317 9479 3965 3213 7882 6729 5421 9498 4278 4149 9311 4298 9565 1520 9654 1827 5763 9689 692 5481 1117 7487 3359 8573 1501 7427 7160 447 6830 1048 8327 5674 745 8125 8688 1575 4407 3980 5153 1743 2332 7901 7443 1318 6792 7888 3922 8466 4491 2094 9118 9097 7290 9407 8449 5617 3668 4966 9994 7374 7943 1952 2512 3909 2421 3978 1030 1887 4188 9219 8794 7892 2381 5967 4879 6814 1185 5643 3096 928 7822 383 3971 2228 1773 4232 2082 1934 3130 1127 3691 3489 5774 6524 8366 8150 2355 8721 2393 8842 4689 4708 8525 2579 4791 5775 7285 1290 7163 5014 3146 1141 5031 4735 9281 8376 5058 9485 1966 9834 9068 1395 3987 2856 9263 5505 4738 1762 5101 3531 4322 2382 7387 3940 4035 7669 9919 8737 2442 825 2984 6102 252 7649 1753 3975 3310 8689 5907 5280 4918 5186 3677 2439 4892 7320 5001 3308 4737 1415 5136 5632 3240 2539 8390 8885 4114 1041 938 4387 3487 558 1424 8478 9350 9271 4148 8624 6323 6388 9583 7864 8411 9488 5265 6683 9434 6949 1811 3173 8114 3935 7314 5696 6279 6312 1721 8347 8432 2134 9503 5364 9788 5626 1287 2335 7095 1554 6281 4074 7476 2491 7793 2609 4766 1124 8436 3048 1008 5661 8536 3469 9011 9648 6362 4144 8365 9057 6241 723 65 2806 9336 1655 9439 8862 8760 5897 7329 6303 2142 4254 5898 2000 9238 378 8606 3703 1342 4020 5614 2698 5751 6495 4572 6581 2406 3829 4299 5604 2155 3311 7280 9784 4049 1322 9972 5997 8622 2147 2056 1847 3887 5864 1935 3759 4212 9826 6593 6514 9153 5176 6980 6564 1699 1766 4751 9025 1236 2995 8251 8762 6717 8963 6880 4395 2792 3006 7373 2693 1814 8038 5394 3075 5981 3889 9004 2624 614 9909 9702 6946 3983 2215 505 2154 5467 6851 4137 7352 264 3338 9640 5615 4850 8506 3034 393 7201 6089 5618 4527 7577 2091 3510 5802 6382 6340 5348 2568 5812 4823 285 9986 7176 6626 9832 262 5608 7958 7885 6967 6259 9555 1413 1926 7771 4554 146 2470 5379 2754 5317 2302 6692 3686 9275 7997 8825 1710 1049 2392 9357 4128 8070 3163 8532 1430 4656 4023 2769 2744 161 9024 1818 3506 8891 9846 7815 4785 4915 497 5540 5066 3131 6817 4242 1629 39 1585 3788 6020 4165 1659 1459 8173 9830 3557 4493 3890 9509 5875 6855 8230 5293 1346 8821 8755 7630 9600 6197 2567 8771 3650 9072 8077 594 5747 1111 6580 74 4475 6230 8780 5772 1075 6232 9451 2678 6164 8793 4181 2124 2240 2007 7989 8207 7971 6832 8815 5943 356 1786 6630 7899 4762 9621 6420 4482 5361 3809 6475 9744 456 8687 31 1959 6631 9372 9489 230 7259 6291 7153 3773 3959 7113 3389 5325 6349 894 9609 6521 4065 1140 4301 7347 1545 2288 3491 9763 9483 8071 1817 1855
2 7937 1447
2 2227 6189
2 3120 4873
2 8612 3546
2 5318 2424
2 840 9820
2 343 3008
2 1805 5227
2 6492 9166
46 2243 2296 4239 267 7789 6917 3199 5461 2306 652 8837 8976 7954 9464 8065 2004 4162 1795 620 3722 9501 6669 2923 2133 9295 5889 9253 7659 3298 6015 5782 9601 4523 6910 908 4048 1018 4736 8000 6515 1023 9251 3608 9954 7433 6517
2 2691 7455
2 1210 3049
57 1306 7810 7434 8512 1393 5870 532 8534 1283 21 6059 5024 477 4995 9908 5184 2182 5486 7884 6460 6874 5052 5223 4351 6736 4072 3676 432 7510 4615 305 8663 952 8121 367 4548 7330 5531 6154 688 7813 5653 362 712 3751 5919 8994 1998 2541 7015 5444 3088 5067 9824 492 306 8890
249 2019 5971 7786 1839 9807 2299 8193 3915 3250 8735 1862 4311 395 6096 304 6273 3785 787 7077 1235 5450 5577 5215 7513 823 7148 922 2072 3600 6337 6165 5995 3353 5527 4807 7543 7693 6697 4477 2479 5409 4506 551 4871 8547 7829 5410 5926 1627 662 3895 5773 3806 2362 3554 2842 2443 7045 341 7812 6268 2779 5729 3033 6336 2033 974 9577 307 5368 9728 96 8039 8944 5167 5414 8041 4732 4295 4565 9902 298 7018 1694 5778 2274 1612 9634 4537 6505 8584 602 1142 2761 4356 9863 6478 9715 595 1357 3344 2569 4195 2786 6415 5428 5987 7605 949 9282 1451 2968 9709 9362 3918 5117 2518 8447 9067 3819 1704 1276 5097 475 3356 5928 7999 5965 8444 6571 5358 7871 5189 9029 3768 4693 992 2017 4835 9598 8281 1147 8879 9992 8415 1349 8817 5840 9026 5836 4409 885 8668 5396 7768 5945 8383 2625 8927 90 6676 120 502 9054 2547 9502 6183 4505 7668 5053 4974 6432 8774 435 9445 5155 5823 6881 9246 9341 8805 7672 3092 5745 3031 6465 2136 3591 1987 199 8325 8549 8384 2811 7626 3791 7042 1432 2285 4963 4876 4746 9138 8202 6408 6056 4122 9257 948 1508 7295 4648 3973 47 1199 40 7988 2527 3794 588 8254 4763 2612 6953 3964 7250 1882 1427 8598 9528 684 1744 3438 867 6274 7671 3507 2717 7655 4467 3861 218 4138 3729 4070 9925 8824 7013 5982
2 8770 6139
2 2983 8878
2 9860 7186
18 5790 6502 5134 8231 984 2480 211 4604 174 1922 943 2486 1546 4829 4818 8773 3321 7948
2 6271 7435
2 3723 6485
394 2926 3333 6047 3436 2641 8470 8926 3373 399 6437 7537 5308 544 4706 4627 3009 971 5079 4276 6702 4780 6685 9126 4631 9106 6216 9212 4800 8033 821 4667 3247 7166 8617 7469 8209 682 1079 9137 5216 8818 3486 9632 3579 9390 9190 3302 8305 9808 8117 7222 2375 3024 2012 7827 818 3383 5989 1550 94 9490 7580 2085 436 6584 796 250 1170 7696 4428 7099 4609 4521 1669 5453 6632 1727 6110 1820 9254 4946 7745 4809 8034 7525 4578 7582 3484 6586 3108 9932 4171 7211 1731 1729 1055 5525 2562 1965 9033 1482 1434 4517 2490 7489 6534 5663 512 3505 7103 4909 1230 5507 7043 7721 8100 9001 7129 7603 9703 1675 6367 4831 9091 3276 6741 4437 4607 8859 3747 691 1576 4086 6443 4726 7470 7409 4234 8315 6950 4508 1203 9570 1677 1609 7726 2843 3675 3400 3412 8360 5565 9870 6446 5472 1068 5740 9262 4504 4714 8541 6931 7819 8988 9473 3089 4598 7004 5799 4347 7583 2638 1301 7465 2794 603 4885 809 3727 8008 2633 5792 1503 9185 6733 4652 3974 3930 1292 275 5210 238 102 6357 3695 7734 9165 6401 9110 830 8833 4501 3144 7840 1516 5584 8183 4400 4579 9443 4721 6865 6778 1454 3671 3793 2232 8288 6434 2942 2536 2743 2704 278 2598 2388 9701 5385 7493 9173 8443 3140 3931 1809 5096 1264 4908 4223 1149 6638 4125 7856 7597 7902 5363 7348 70 9722 3678 3039 4874 5955 7905 6267 9738 4260 4009 9716 4641 6971 9228 6590 2973 5871 401 8723 147 4384 5135 5524 1059 2174 344 9104 6625 2325 6605 9671 2888 37 5700 3282 1310 4595 8472 3993 1253 4312 1010 2580 508 1472 1495 2287 7687 4503 4040 5651 9151 5698 4000 5788 8285 9662 5483 9387 1962 6235 265 5575 4080 9743 9791 7860 9614 4567 8218 2016 1611 2788 9668 482 7917 6898 1808 5852 7388 4001 3269 4183 7757 9977 5268 9269 8782 1999 5376 2672 2752 991 5171 822 6983 6019 1565 8620 6405 828 1204 8335 5420 1492 2715 6473 9978 849 8906 7933 6285 9159 8469 2767 4992 3229 7503 216 3296 8581 4913 4366 1780 2454 3776 438 8348 788 5350 5669 1610 25 7854 5813 3288 5985 310 8719 3824 4420 9515 563 1555 6686 2887 7206
2 9374 8086
2 2271 8149
2 4158 9913
285 9700 5343 6376 8685 5057 7770 6459 9729 1549 4927 8970 7024 7072 7041 2417 9918 15 5443 5710 1309 7485 4488 5545 7629 3572 9052 5998 8186 7826 342 3525 3981 2471 7477 6658 5387 8866 7179 5333 2905 125 7011 9161 6411 5911 9244 8057 8880 9470 6202 3593 8768 7820 7724 5521 4402 937 6747 785 1182 402 7570 2771 4389 8152 3726 7873 4315 22 929 1574 4964 1909 8141 3127 1967 1450 2093 567 4397 2158 4856 1981 2336 326 3004 3892 3148 6637 7331 3189 6666 618 6804 1600 7781 808 253 13 9554 2903 3780 2083 132 1988 9452 704 2394 7880 2733 2994 5263 2238 2919 8504 863 4453 92 9209 7807 7219 4650 6866 6979 5963 2703 9116 1739 2473 330 98 7350 9892 3846 6180 9968 4096 6820 5043 3765 9946 4381 8032 1366 573 4623 6081 3374 7772 7559 4756 2217 5882 8385 5796 7126 9571 7459 8876 836 3266 8915 6286 2555 5992 1756 8190 7756 5499 2675 889 6938 2730 7794 4131 1051 6175 8460 5099 7695 2873 9456 7959 1749 5831 3943 7450 2257 6065 9674 4568 2716 8334 8715 9299 786 875 7796 6537 2814 4551 4140 6899 1321 8798 3796 6604 6146 4326 8992 2965 8221 2961 8678 5684 8508 8757 9801 3553 9065 2514 6751 9404 1914 6231 4088 762 9293 6414 3393 6618 542 1026 7725 3681 9878 7679 8110 1685 5844 9819 7317 1775 8843 2773 789 5248 5404 3718 4931 7200 1657 7310 3852 1280 3502 6114 9124 8999 6947 7699 9985 7835 3468 9585 2642 6647 183 4022 1713 2074 8982 3246 89 3870 6238 2177 6591 4006 719 7773 4011 5441 2176 7468
2 3110 1407
2 4553 8932
139 5666 8758 4354 7980 2146 5701 9761 2006 4686 6049 5768 3151 7710 1144 6206 999 6617 7303 83 9580 6239 6302 1034 1157 772 3466 6566 1086 7274 291 2084 9934 3345 3537 7030 4591 4724 6948 6435 3955 7512 6991 3714 7579 3820 2407 6886 2244 8295 2849 8940 1412 6550 3804 6506 5383 3363 9745 269 7751 5933 317 8790 7697 2283 3620 7230 1461 8451 5683 6766 1033 5366 6989 2405 668 5941 1534 7996 108 5232 7524 7154 2192 8682 4945 9102 5644 5347 6075 8701 1362 5737 7663 9533 1177 6563 4419 9505 9755 5952 1258 18 2589 726 4639 4990 4433 6687 9497 7198 33 1473 313 6378 101 3060 4175 4012 2548 5479 5518 4984 4205 7778 3334 2166 8546 2099 3367 7522 9186 1563 1778 2951 3341 8596 2528 2384
2 8163 6607
2 8185 2324
2 910 8484
701 3848 1269 1288 842 2635 6579 2821 4866 7755 5399 5942 3479 6861 1196 6930 848 3761 2189 3950 3295 6030 2900 646 9805 8920 7981 4037 2674 1158 4841 9774 2252 6123 3912 9769 6400 68 1507 6655 1355 8746 2090 4535 1278 9475 5757 1441 4248 5060 2179 2043 2046 4296 2909 2395 621 3182 5798 3124 4566 3628 7572 7531 6345 7602 5854 1630 4064 8474 5149 166 6939 8984 520 5585 3873 4155 4478 8136 3799 1483 2988 3781 2719 8091 4452 4545 4376 5131 3886 6347 997 9937 9931 6079 8804 3316 3734 4682 6366 7935 8093 5195 8425 8012 2322 9646 9496 7449 8013 292 6796 5956 8826 3862 1063 8627 8802 2045 3565 8427 6317 1798 4519 5948 2482 2386 8591 7573 2817 5869 8567 8361 6926 9132 3866 3153 6052 5642 385 1497 433 6171 8378 7598 5726 1796 9059 2829 4031 8980 4581 4021 1404 9545 121 7412 5061 8382 6546 6469 802 2606 6328 2738 3707 5552 2601 276 123 2945 8635 8896 6730 3854 3192 4293 637 4271 8025 5160 4217 7034 429 1250 7155 4297 3958 7596 7961 1567 5337 9074 8386 4896 3287 6797 2452 1635 3335 8146 6781 5089 8621 7243 8084 6707 9086 1386 4313 9217 7237 9401 6599 9368 9261 2824 980 9226 7327 3786 8219 3093 3744 2960 5076 7955 4740 1244 9446 3772 6329 6878 4999 3160 3274 91 1527 7199 1896 4670 5938 1958 5927 237 6383 6219 8558 7400 6532 4007 6623 7349 3997 335 2108 9730 5990 2681 5685 7326 6050 4960 9853 9988 2938 7777 3576 4674 3948 3002 6040 4067 2791 9014 9327 4304 4543 9871 632 6316 9111 8351 5554 3672 7920 4161 2076 9876 7313 49 3270 781 7308 4526 374 4305 2521 8112 8352 6364 6091 248 7 2363 8928 9292 1222 2062 7323 4558 3545 5113 192 6905 3332 4564 6068 1807 9971 5814 6776 8060 7717 9793 3882 729 3483 9983 1110 801 851 6800 4342 5681 3112 3858 6332 3876 1980 7039 7272 5204 5073 3860 9419 2260 9694 8807 8164 1898 6103 2640 9511 2623 8916 3366 7890 2613 9035 4288 1099 1828 4077 182 9342 560 5458 862 3585 4951 1505 4550 7216 3499 131 9690 3218 6619 4360 6194 236 6375 152 5051 2222 4827 4986 2185 2996 9023 4075 4201 3995 6061 3601 5560 4642 3582 6858 8855 3172 3626 5675 1771 6423 4456 2044 2328 9300 7305 4382 9695 9955 4132 1494 9691 5148 3258 7294 6772 4111 4790 1662 1577 7869 906 8604 1740 244 8642 4861 9866 3157 3059 5510 2753 9480 3946 6882 7335 6017 6310 8637 8252 2962 1552 3473 2513 7683 1730 7107 8362 4923 214 72 6067 5150 9877 3123 8861 2175 9560 5144 4318 4935 4211 5082 5906 7407 6193 503 9297 2713 9013 7209 6461 6738 5305 4383 112 4178 8583 9007 2151 9506 3924 6083 4661 7708 1165 1279 2456 3016 5172 810 1272 2014 1902 6713 8273 3423 4466 8695 8074 5915 6392 7171 2 8742 1937 281 4446 7539 4980 8856 453 7704 4251 8494 2427 3830 338 2059 2458 7439 3885 5678 1471 9941 6835 186 838 4954 4571 7739 5719 4343 6777 5191 4562 2734 5668 6343 5092 4798 4958 7215 2295 6358 6057 899 5427 2895 7158 1792 7587 9584 6140 5602 2631 6168 8550 8930 5692 7730 2801 3267 6816 8262 5188 2972 8844 4851 7114 4357 1054 8756 4926 6986 7124 2723 1240 5680 5403 4775 1877 3914 4153 8952 2409 8889 6788 1829 1892 1640 7386 8242 919 6213 5817 9210 4826 1868 9706 7417 8233 9312 3428 2254 4590 2745 615 6498 8090 4283 2859 4745 3529 4455 8260 9361 2645 1115 340 6787 5767 7038 8658 7688 8747 7057 5258 7191 1541 5392 7079 7912 6178 1156 9991 5264 6098 5884 8853 3738 6945 3613 3762 9858 5457 5198 950 5551 1195 2444 8759 2251 7380 217 4169 8471 4712 3941 9189 4406 4015 4228 8566 8332 6679 4100 579 5730 9903 7164 9366 8481 9833 2546 2561 5762 5294 9152 9686 9471 5284 1763 2977 3767 233 7108 7506 1803 7990 1190 8184 6039 2758 5091 3202
397 424 1838 6570 7116 9809 8396 2816 8222 6082 8865 7091 7451 4669 4287 9247 1001 6857 7213 8283 716 9371 9873 1596 5292 6643 3233 1148 3923 2389 2321 771 893 6968 1330 3080 3639 4105 9018 782 4197 6211 2066 2425 6024 2748 6549 3440 545 2860 3011 2205 2515 2279 8539 9482 5725 9975 3263 7921 8680 8312 6856 983 1506 2358 2974 4801 5709 882 661 4010 6641 5986 321 9134 9543 5890 5863 3605 8911 2152 7333 4480 7083 1259 9692 7240 7137 667 8208 9951 5002 1217 9928 4332 4778 6422 5199 7874 1846 420 7985 5252 2780 6589 3200 9557 9063 1183 7764 2201 8919 6652 731 1804 4016 6266 9178 4487 11 6573 1941 8296 3939 9466 5375 6802 1368 8177 2349 4146 1351 6442 5682 7377 8523 9917 8181 8616 1457 7180 9125 6406 4199 6973 2460 2737 7214 1514 5034 9235 2156 3036 5607 3802 6080 2647 405 7298 9272 8611 2552 8636 8903 4853 5116 9177 4620 9416 3720 1665 9620 6471 9572 3567 4606 4192 6651 2525 8429 9898 4979 3902 8174 5011 4099 869 2532 5022 5503 7857 2054 2106 3384 3177 3954 9182 2447 9093 2885 9202 2221 4187 5127 4907 2784 4179 1266 6003 2488 5123 2024 8852 3355 8551 358 3717 8277 8388 5220 9631 4057 95 1463 9926 3376 2870 1618 9940 9223 6932 1314 3427 1904 8791 2538 5706 3416 7853 9039 556 859 9128 1783 5315 2107 2830 4106 5023 5357 6661 6606 9337 1939 5446 8050 3822 8176 2223 5946 4741 6806 1498 8888 3523 4233 829 8901 5656 1083 5689 8052 9103 5400 714 5872 6380 3372 271 184 9525 1747 1604 7488 1790 7046 206 2186 5929 8419 2928 811 5616 8437 4030 46 7546 9699 1918 8820 4423 4392 4176 5686 7876 8333 9883 6798 2739 9547 959 8137 565 7249 5087 9167 8293 9962 2370 5650 2680 935 5576 324 6054 870 2354 2747 7202 1970 6966 5115 3570 3137 947 4899 2494 2772 7791 8082 9322 6158 3387 1077 727 5344 2805 8194 6297 7691 7391 9741 8379 451 2850 1363 6887 4727 6769 4403 7068 6058 8031 9289 5597 5925 3300 601 4358 5883 3138 1849 488 2376 9397 3022 9644 8958 6333 5734 6399 6319 388 576 8722 7432 3086 2265 4317 7458 4528 8578 3696 3708 9377 3654 9927
2 1701 5245
2 9827 9405
480 7235 6529 9213 6163 7818 7893 4393 228 3814 3357 8979 7594 8062 7418 4783 9332 7939 993 9027 3573 8712 1840 2927 7022 3716 2554 527 8462 5569 6587 9783 3000 3190 7681 9884 5879 7406 529 4544 6871 8684 63 3339 7321 8524 5351 3053 2267 514 3616 8744 9309 2614 3459 4619 7549 3627 479 8897 3977 903 5744 4018 4045 955 1886 2924 8589 3331 671 5289 2956 9995 9432 3777 2803 8250 6144 331 4688 4696 4814 7131 5187 8255 6923 6893 2604 3604 5276 8648 6862 5568 7612 4266 3370 5843 7138 901 4541 9938 8372 6833 6528 8628 9241 2281 7564 6045 274 3666 3309 8515 5369 5555 1870 6568 1152 3541 7617 6700 4905 8899 5972 7067 522 1826 1445 9797 1841 5548 4285 3937 1733 6438 653 6888 4719 7896 7220 2187 1911 1202 3107 1161 3040 8939 2149 5594 6734 6844 460 5588 3963 5519 8367 2414 5477 246 3842 9546 9181 5600 4969 5026 8159 1963 2039 934 2114 9234 5182 8211 1997 6373 4694 1521 9522 1069 9778 966 9746 1632 3893 8974 6326 1389 175 9080 1738 6732 4422 449 5922 1901 469 9469 791 8003 3164 7656 9331 7550 6215 8435 8144 6821 256 857 7611 4216 5042 2459 6136 1109 3260 2711 4081 6667 8497 8797 4822 6553 4139 8841 7357 2707 5466 8450 3249 2047 5372 2657 5974 3807 3544 9095 8816 2971 8750 3710 452 9704 7245 8706 6283 2639 5267 7292 7547 6710 4860 7982 8766 4555 8132 2256 7411 2081 8101 7832 5228 4895 7660 2339 9375 7424 4213 3602 7032 2679 7984 2667 4093 9823 4289 8368 7737 6448 9415 4226 526 6693 2712 566 7618 6827 8076 4690 2449 4498 2419 77 2891 2898 135 1608 8228 4502 8043 4755 9323 4817 6338 8613 5355 8907 3621 1036 5459 8990 7712 2126 4413 6092 195 221 5242 6538 9564 5038 7184 4663 6876 2089 6964 5297 5154 4797 7761 4430 3238 5609 3495 5824 1294 2892 319 5500 3596 9618 5605 9094 3375 5448 6354 4151 220 2511 4976 8854 7666 3228 2952 9494 611 3142 8391 9043 7995 9874 2464 1758 3132 3077 4556 8287 9789 5201 5529 7897 3455 4237 2314 648 7366 1443 6962 6240 2575 6132 5290 7390 9317 4364 7903 6372 3653 2617 8764 1263 4529 4159 7574 5166 9486 2854 628 6846 5603 2248 7007 673 2401 1176 4705 4051 487 8195 9594 2543 9856 6813 8456 6974 3071 3283 1479 6116 9787 3953 6041 9930 5417 2496 4832 5973 4747 3901 4967 3429 4812 951 8191 4635 9487 115 8323 8485 6118 2337 2740 6812 9461 702 8158 2003 4449 4863 1316 5326 8614 932 4089 3432 609 5197 4004 2516 2913 2368 776 5589 5954 1015 5384 9754 6208 1670 5742 1529 8571 7913 4838 1105 7355 9044 1344 7632 3539
2 7356 5727
2 7393 6654
329 327 1414 8328 1031 5360 2493 4418 3745 2921 2301 5636 294 1825 8363 1360 7540 4576 7423 8309 2558 7395 3945 8989 9859 1800 2226 1268 627 4083 5487 7646 9957 3106 2438 5856 4270 3231 1603 5777 3385 2750 1076 7887 8496 4781 9412 8832 8424 5429 2377 9113 9734 5291 1873 9085 2535 5143 709 989 5408 9101 2040 4602 1648 2477 4167 8772 6255 2838 8465 6746 5539 6177 7694 9711 612 5019 3497 5285 6130 4033 8671 3500 6809 8280 834 1696 9296 4534 970 2725 8858 5397 865 1791 9771 2233 8765 3798 114 9120 1683 8751 215 5435 365 7009 506 6021 2585 2282 715 6218 7351 2239 7714 5107 9319 3991 1340 2880 9264 1248 1243 5659 1782 4341 2206 3482 8408 2105 832 8748 8579 4164 1741 2985 8439 6828 1865 931 6007 6073 9855 7843 9198 2489 6451 3597 5567 6704 2634 3194 1924 9964 1201 8216 6433 151 4875 9218 8867 4993 2120 6265 130 9142 9170 8887 8133 3690 8966 5049 536 1171 2701 7358 2975 7963 5878 3756 1044 1405 5464 3290 6752 4198 6728 2915 7204 6535 6117 3859 4786 3789 5838 106 5493 7382 8938 9553 3342 6853 543 1167 1859 9051 6990 5129 1025 3888 7729 8265 3051 116 8538 972 724 8404 322 3754 69 2246 9294 3214 8542 7234 6262 5386 8421 7054 4760 467 2728 3992 3044 2686 6419 9960 2976 2121 7381 3242 2793 7276 4881 1837 9367 4369 8463 6344 7484 4777 2483 5690 2350 2378 1649 7165 3719 5237 6539 2123 5336 5469 4472 3715 6864 2537 5181 6681 5809 5704 6985 1700 5546 774 4626 2451 5676 5959 8226 5322 7226 7102 3211 7498 2290 7588 8557 8302 3453 7650 9478 4286 9047 3056 3624 2209 1590 9229 6325 425 1835 4152 6616 3492 7816 2844 7891 933 7930 8433 2896 7600 2502 9231 9864 2751 7453 1246 766 7376 7147 8605 4411 3358 4471 2573
113 2463 658 7942 607 4934 2436 5075 1787 1085 8289 5234 9651 4073 3687 3 4375 4339 2475 6703 1153 6818 8803 748 1225 8554 1906 8393 1277 8677 9549 5178 381 7675 3832 2326 9599 7910 8846 516 916 6062 4245 5083 1977 6680 9806 7296 5103 2145 7951 1737 7490 7530 1861 7174 7261 2128 9574 1512 687 9534 5432 524 9896 9098 2258 9042 7706 2110 9652 8104 382 4862 1561 2908 5157 5912 3154 7918 2551 2668 6324 8839 6516 8561 1464 6725 4204 5830 2911 6755 1320 3810 3179 7703 1431 1642 6850 6988 5295 693 9109 1143 3230 8330 3225 4325 5478 5137 7061 2939 8088 203
1195 8119 9046 1989 4789 3139 4460 7447 4484 1270 1680 7003 8087 3623 2400 1293 6943 9953 2646 1725 396 171 7105 4316 6743 4026 5452 6159 7900 4665 4253 7616 2787 2958 8079 968 8066 1345 8143 1644 6181 7221 4575 6934 1631 3908 2272 8521 3262 7868 2304 9009 5984 5947 5434 793 6334 1197 806 3198 3150 8511 6195 3610 6196 9414 3399 1179 3369 5393 3801 9950 8654 8736 6440 9889 2600 4247 523 8243 8452 4776 6012 8960 701 9974 8145 9905 3187 3670 1932 4987 8308 4981 2367 900 5209 5165 2853 4277 917 6055 9075 7821 8692 2662 3878 8338 5901 4847 6742 9406 697 8690 1767 8046 7806 4749 7253 5323 5037 960 9069 2261 1647 9685 4303 9310 169 2505 5490 7422 9982 4634 2588 5592 2080 4050 2137 2804 1823 9308 357 1686 1207 853 6933 1328 1572 8166 9624 2626 9628 665 9612 5449 6026 1234 8392 3652 9764 650 9602 6457 7578 1101 3275 8912 6763 7384 4596 3415 2918 6436 2067 8461 9320 1950 5183 6629 6034 1172 3203 1091 3897 7279 9240 4833 6789 7620 3674 1624 103 7865 1255 5213 1903 8544 5488 6491 7481 9343 2193 1810 2140 1491 5119 4038 3196 8499 3391 2846 6360 7852 4699 8232 1275 2403 3795 4109 5093 7925 1617 2545 7907 3201 739 1419 7159 9032 3411 1594 1039 9956 1489 6909 4878 8160 7207 7281 4399 7593 1557 2910 5205 9551 53 4485 663 1469 623 2930 3435 751 8924 2837 1372 3933 7949 8707 2741 8128 3606 2352 3348 2802 4794 6122 2904 7639 3517 245 5456 9568 5473 1917 7128 9616 2398 7361 9426 7133 4944 2874 359 8530 3241 8784 5274 8799 4864 2213 2692 6363 6210 9959 2520 6750 1370 6488 4408 4085 6341 6691 4723 1312 5894 5784 62 6574 597 1509 7063 8733 4784 9096 3115 9222 8786 4597 5951 4959 683 8644 2023 1691 7332 7339 8324 6496 5271 3872 5442 4813 4532 7312 6504 9 2671 5515 4206 2570 2396 3732 3206 4522 404 1374 6671 7750 5468 6486 3561 4673 7144 1402 8531 4396 5102 9969 890 7787 1003 3581 9437 2366 177 1974 9208 491 7076 1884 2841 7509 2980 4163 9667 3960 6011 9328 8555 9751 6998 7608 3879 5996 8428 9657 204 9017 4282 4638 2245 2789 8346 2517 6675 3521 711 134 1834 3753 4327 2268 4497 6708 3003 7089 1548 7074 2832 2390 8075 7302 8212 6601 3851 930 8168 4845 5460 1578 2035 7562 552 7752 1295 6810 9678 7238 239 2648 2616 7805 617 1908 6390 4259 5783 4013 4792 4486 4378 9133 8467 8812 7112 5422 660 2643 1242 5779 1972 9115 9782 2594 3401 5966 6609 6138 2289 6162 8717 9637 7269 1449 4531 6987 3843 1728 3244 2086 7081 6956 6808 9825 478 9193 678 4203 5822 6370 1719 9842 521 9780 3026 7776 370 8597 1011 1692 1532 7738 841 1502 6533 5251 5309 6872 3658 3152 4685 3105 1438 6179 7845 6754 6970 1912 8993 759 2884 7301 6992 9188 8869 3128 7006 4695 1589 3522 2699 4265 8225 9676 3446 4585 7370 2374 9149 3420 5112 958 3749 7197 3314 2210 6542 6489 925 5389 9610 1375 7228 5367 8725 591 170 7723 6921 6608 2369 6915 4440 4262 4129 5853 5240 5818 7182 6105 3673 5319 4920 5328 7507 8560 9417 3474 9881 2688 9887 6975 3645 9521 1595 9566 5077 9201 6500 7977 2391 4583 824 2946 5715 3133 924 1816 300 6236 1907 725 7517 7169 6131 2839 1043 145 7637 5175 500 6757 9204 4919 7567 8343 1684 8169 749 7855 485 3938 9786 6715 892 443 1876 4574 6234 4200 289 6088 2399 2453 517 1994 7055 1417 8575 2560 6428 7026 3186 2533 6033 4112 3847 1373 7254 2286 7508 9370 3871 755 8714 6272 3966 4331 858 9468 695 5849 7185 1621 3996 286 2198 1607 2878 757 9008 8835 4870 9635 504 5795 6237 4898 694 8045 3881 9195 2199 4659 2800 1348 735 7328 9183 2906 7964 3041 5159 9643 7100 9425 1984 1470 3087 4101 8955 2111 8268 8103 5766 9280 4509 9233 2309 8863 7636 390 3967 4180 6508 6718 5314 8236 3305 8709 2073 7008 6204 3513 1004 9724 1123 895 1084 7035 5595 8072 178 3197 7527 8068 964 7566 4196 6070 3217 8248 3656 4459 5866 1173 6642 795 546 7740 1119 1338 7496 9400 7648 5581 6935 2526 3706 3701 3251 2540 639 4097 1168 9428 4227 2696 9792 1429 5511 5231 4028 9942 8489 3467 8502 4350 6048 56 1650 3944 3548 7529 2799 8180 9158 9168 4324 7814 6758 4055 7837 7741 1774 1982 4677 1523 4654 2879 5025 8781 2064 7569 721 104 1638 1380 8973 3319 3494 5534 9303 8364 9087 6927 1933 5755 2807 5939 1256 2861 8796 5455 9352 9661 7448 4994 5494 1928 9438 8607 386 6852 8977 4334 3407 3896 462 9315 4757 8358 8320 2820 1232 559 8884 3361 1672 417 4244 1752 9221 2682 6086 1249 2150 1245 1832 7073 3464 133 2542 5547 2293 5917 2340 6261 5752 3045 6982 6841 6455 8299 2115 7514 6014 5170 2220 6627 3644 1622 4713 1639 1708 599 7445 4443 4076 6595 9939 2629 6309 6677 9586 7622 3141 8705 1544 9595 6954 5426 5100 2987 3979 7291 2311 5544 914 8051 881 5177 3052 5084 6883 3875 5327 4625 629 3180 5664 5627 6005 7974 1050 9591 5206 5899 6203 7132 6716 747 2415 3318 8602 315 2364 3750 8284 8914 5797 7516 1845 5936 2524 569 9518 4380 1281 3779 129 7104 3863 6135 8600 8739 8971 9136 498 3205 9507 1252 982 1221 8576 2929 1666 7702 6 4385 446 6520 538 5194 3029 5433 1456 6942 3301 6819 9653 7987 1214 3330 1238 5377 5593 3840 6085 1707 5756 915 8987 8314 9402 4166 8048 293 4082 6994 9880 3081 4269 7162 2330 3431 3451 3634 6611 518 7392 717 2440 8409 3005 7258 1588 8095 3102 392 2602 2979 9440 7139 3811 5658 4767 8037 416 5236 8998 57 4117 7403 8244 223 4965 3524 2808 8933 2315 3515 1564 6823 7919 7195 9339 2052 4431 5282 6501 1327 6548 1028 2834 4479 6301 4024 7863 8904 5596 8259 9284 8902 9236 7311 1764 4680 9885 277 9650 6972 251 1129 9081 5373 3711 209 5516 9239 7727 2277 886 5306 5064 75 5536 4952 3323 4173 9273 5331 507 2167 8473 8822 815 7844 9000 8946 6914 3942 2284 3445 4261 9529 3669 8828 3632 4810 6662 644 9660 7973 5842 6192 2765 4043 6567 8067 575 5132 444 1769 8769 3020 6315 1940 5679 8864 730 4678 4441 415 7960 4764 9335 5436 6698 4255 4772 4563 7456 8059 3398 5320 6173 4337 6251 3637 902 3072 9839 6845 9175 8752 1893 3900 7926 4640 5126 5509 9286 5556 6762 6889 1056 2760 8028 6087 4830 1333 7686 3957 6141 2523 6416 4275 9636 9843 816 1289 8948 7635 2461 3503 8845 9076 3635 3111 6665 9021 2669 1874 7972 8402 1319 1114 9359 364 3760 5480 7716 2418
2 6288 1637
