2 2107 6599
2 7264 45
2 647 8033
2 592 6440
2 7414 6428
2 5885 9475
2 2507 2603
2 1445 156
2 7527 9738
2 1766 4467
2 3232 5454
2 4361 2822
2 7010 3039
2 2423 8103
2 2980 2584
2 6491 7318
2 6422 5876
2 1199 2995
2 6051 2150
2 6207 1179
2 6614 9822
2 8311 719
2 7326 9191
2 7456 1434
2 6091 2446
2 5723 7138
2 3227 2635
2 8618 187
2 6627 1959
2 5517 8141
2 4131 6056
2 7417 2734
2 9577 9058
2 6575 7590
2 8636 6198
2 3082 9997
2 2518 3016
2 9600 333
2 4300 9670
2 3708 6261
2 3399 2921
2 6479 2870
2 4275 9151
2 6090 4891
2 7234 8598
2 6172 5260
2 4087 327
2 7207 9145
2 960 3183
2 519 4506
2 5107 681
2 6014 5679
2 582 2854
2 2451 2223
2 4329 2368
2 3116 9392
2 6588 3636
2 5921 835
2 9895 9832
2 4331 1111
2 9346 6096
2 63 3660
2 9914 7759
2 6065 7849
2 7649 8019
2 4171 9053
2 4916 3440
2 8385 2717
2 7492 6430
2 9478 2234
2 2894 4523
2 1154 3187
2 1648 1566
2 3748 3448
2 4901 2849
2 8009 5371
2 85 6130
2 8696 5954
2 9700 9106
2 9741 5266
2 2338 5959
2 3595 5831
2 1921 6570
2 3818 6933
2 9604 9351
2 6148 5455
2 2681 2922
2 2103 3353
2 4576 5835
2 3436 9581
2 4964 2820
2 4678 4172
2 3767 8725
2 7502 3190
2 5255 7678
2 5823 1134
2 969 586
2 419 7320
2 9958 8450
2 1289 691
2 9212 2038
2 4188 3831
2 7260 8854
2 2084 9180
2 5738 7418
2 2149 6885
2 7162 5482
2 6906 1999
2 4347 2758
2 5193 9159
2 9837 6042
2 2659 5254
2 5208 3117
2 9138 7833
2 697 7426
2 5666 6340
2 1635 8544
2 5211 2851
2 2480 2098
2 9418 2772
2 2388 5588
2 3386 7136
2 3810 2440
2 694 306
2 900 8172
2 9154 3491
2 6804 3883
2 722 6781
2 7021 389
2 2367 1717
2 7215 8858
2 4659 1826
2 2288 1785
2 6202 4611
2 6441 9413
2 1363 1141
2 3517 7851
2 531 9049
2 973 6507
2 2254 820
2 7559 8220
2 6835 2805
2 7348 5604
2 6632 1769
2 7577 3875
2 1911 7277
2 7641 4967
2 7796 4114
2 6787 1666
2 2436 102
2 8694 5919
2 7272 6613
2 2994 7653
2 3634 4119
2 8799 7674
2 4184 7584
2 6164 8424
2 4644 7080
2 6216 4078
2 7917 6808
2 4789 9168
2 1627 2586
2 7688 3425
2 6405 9888
2 3952 1579
2 2504 6424
2 4977 9321
2 7936 4960
2 5707 7643
2 9932 7782
2 8909 493
2 9784 2209
2 7690 934
2 7722 175
2 6511 6423
2 124 4768
2 7652 6812
2 7887 962
2 75 7914
2 2630 8232
2 9527 2600
2 5453 9141
2 4915 5634
2 8629 5832
2 1177 8097
2 7341 3423
2 3504 6950
2 1651 3922
2 2611 1587
2 9982 8946
2 9969 577
2 7364 1808
2 470 13
2 5690 4804
2 9770 8078
2 7907 4904
2 1508 9601
2 3143 9714
2 2406 3060
2 7899 8849
2 6301 3709
2 6413 3592
2 5033 3766
2 2783 3249
2 7756 1574
2 1298 3873
2 1637 2139
2 6576 9014
2 9510 4466
2 5486 3387
2 1864 4322
2 3107 1572
2 5638 4141
2 9307 526
2 233 8044
2 7368 3160
2 8805 6229
2 9255 1711
2 1185 7245
2 8465 701
2 411 8099
2 7540 295
2 8395 3216
2 3642 3155
2 7911 8995
2 5269 746
2 9941 6392
2 7460 2672
2 7947 1408
2 2497 6975
2 849 78
2 5644 4189
2 9204 8980
2 6135 5014
2 6246 3516
2 5674 1813
2 7134 3363
2 8670 8786
519 4594 8057 2085 1768 7747 3268 7122 6356 4281 5081 2137 4465 2415 4913 8902 7469 2960 4783 3496 8745 7284 8217 2683 5606 8536 3475 8911 8451 1620 5328 8437 3335 301 8384 7724 3487 1270 1684 9011 3817 1317 7263 2363 3230 9334 2736 9404 7948 5012 9628 6752 1196 7185 6248 8182 6306 8065 1659 2333 9332 9480 5391 1582 5030 875 2881 1831 7504 5986 8169 5574 9835 5209 9686 8699 5172 4018 4472 7726 2690 7792 8510 3939 1064 3639 6545 61 4980 5802 6388 3009 5530 5237 4076 3743 4003 7 9537 8342 5289 384 172 8486 4899 5974 6729 6635 8117 3226 9030 4451 588 7159 4320 6747 1809 8415 2108 3556 9930 1373 6224 7694 3420 9943 9279 1324 8575 2837 8680 5034 476 5769 3913 5905 5863 5141 391 1049 2190 1971 5330 4043 5490 5545 8928 3576 4749 6601 1136 7705 9578 4721 5456 7719 3327 6880 4476 9310 7508 3336 6960 29 9808 5671 1204 3994 9086 2347 9801 7273 3901 201 6893 2974 8829 6199 3884 9446 8174 5619 5061 6186 6071 3407 5864 6053 1643 813 1126 9329 4937 8126 5625 2413 5064 7313 7528 2826 51 455 4089 7146 6690 3670 3864 8289 1277 3903 2931 3668 1594 3534 6935 3318 127 2003 2211 6230 7433 2434 1706 2947 8794 6040 9598 1562 1525 1079 7934 9409 9893 2520 9674 4176 1027 2700 4583 514 9461 7393 8755 2160 4670 7001 3303 5404 5640 5689 6713 76 6324 7557 9724 5461 9489 1645 8243 4365 1749 361 6256 1522 3406 8825 3233 7888 2068 879 2920 2207 6076 1767 758 4510 4882 91 2362 7905 997 2787 4470 3263 4126 3008 9947 2871 7151 290 4067 428 7739 8717 4541 4016 4287 3906 9656 2239 4412 4529 1160 1433 8569 6106 6046 1359 6044 2096 4902 4074 2366 3395 9891 5577 4208 5379 1609 5605 4639 730 4759 1691 1718 1535 5815 4815 7437 3347 7363 4305 4343 3004 799 8558 692 3157 8996 2116 1435 3851 5595 7783 3960 4393 6409 4407 1081 5496 1575 9579 1034 5928 6252 6949 7056 5135 6416 244 839 6145 9642 104 92 975 1326 1294 1228 9692 2142 986 6006 2329 2180 8822 1764 6600 121 8877 528 259 4492 4222 7410 6922 3845 2487 6365 1341 6354 3412 3380 547 3198 1689 1822 8260 3561 3723 1892 8532 8542 1314 8524 4970 9789 7549 2300 7086 3010 6534 8967 3005 8027 2449 7910 9028 4122 8506 9769 321 7342 8765 1470 4027 4607 8512 3600 8752 3680 5568 4009 9108 5542 1221 2403 8855 2594 8276 9918 5463 1533 7878 5515 7346 5701 6251 7467 1197 3241 81 9085 9597 3909 8381 911 9926 4034 8526 4106 8295 7834 9974 4942 6414 397 7615 1866 4924 4560 5145 2588 1237 9693 7455 7583 5586 4909 2036 6814 4499 2842 1910 9072 8733 4454 8106 7498 5657 9519 7366 2802 9900 2439 1312 2985 6905 258 9024 1360 5111 4763 7618 3200 1085 7950 8577 3405 5911 6008 818 2263 889 664 4383 7450 7331 4258 1032
2 537 4115
2 5987 4935
2 8392 5062
2 4539 9111
2 3876 1965
2 819 4852
2 1993 3042
2 2494 4052
16 9558 9925 3482 1948 3430 8189 8941 4323 2323 2216 2355 3853 8100 8900 6765 2174
2 8314 1048
2 2661 654
2 2791 4065
2 2565 4182
2 9799 9861
2 5065 3145
2 5320 4661
2 3531 9340
2 7820 9189
2 8753 9435
158 5240 152 6187 2377 8230 1806 5301 3930 7288 4345 6412 6360 9417 150 4104 2407 3856 4748 3989 3738 5843 9899 9062 2330 5683 539 1024 8281 4593 7707 8313 8883 3835 8934 6705 5077 3691 7872 9474 7171 1570 4562 3762 2786 4019 7552 3664 917 4894 6844 5866 3437 7895 4907 1481 4026 2500 2576 6999 1854 7216 8673 5695 6855 2777 1162 9620 3288 8744 7372 4147 4605 8353 49 3020 4356 1803 9946 4673 9276 4697 3329 4041 3461 5426 6998 9998 1552 5961 6552 1387 687 6760 312 8810 5899 211 8977 6110 9513 6768 4008 1652 5437 6912 1098 5652 8227 9044 8500 7211 8965 36 4487 6662 3507 9633 4453 6653 9201 9229 5533 5531 1902 9736 2022 3102 269 6080 3130 4181 568 7521 2065 1159 6837 6132 624 6974 1216 7168 5359 5762 3173 618 2184 2479 1344 7055 5495 632 2766 7701 8215 2292 9582 2902 2882
2 4978 5057
2 2155 7427
2 6017 602
2 9343 2863
2 2678 42
2 711 6197
2 7187 4760
2 7049 2378
2 4014 5046
2 4747 7633
2 1868 445
2 6537 9371
2 6121 3590
2 202 660
2 3375 4473
2 7886 4071
2 1990 5552
2 4625 7828
2 7063 3236
175 496 7662 5827 2742 9813 1357 4572 5651 8339 477 2135 9635 7490 3300 4976 4944 9018 7064 8763 6310 8982 1624 5629 5280 5201 604 8124 8482 8901 5198 466 2120 2953 3234 4663 8178 6754 3178 5513 1639 1415 1019 3630 1673 5956 2027 6295 1073 1413 8336 3358 737 3508 6190 9708 6796 516 281 420 8579 1875 4215 8191 7984 5494 1743 7935 9940 5360 4585 5844 6081 894 4957 342 7804 5536 7495 4876 1215 8346 347 7607 3024 3993 4908 242 2062 8380 4155 2860 3500 1674 2532 3171 461 4780 6817 4377 6342 9625 3494 617 1700 2634 8013 9764 4032 1625 2810 4070 3934 4647 2506 5452 9054 7188 2773 2261 3433 110 8440 7072 2915 9068 645 3959 7424 8772 7715 6488 1731 6020 355 5641 1030 1504 2428 5508 878 7476 407 5862 2361 8102 9219 9688 2746 8667 5870 5072 1776 4806 6948 9796 2579 7676 830 1736 7514 608 948 3127 3378 2891 3034 4221 1797 151 6415 3988 768 8845 1402 7100
2 8194 7937
2 2217 1109
2 7534 1472
2 6596 570
2 1793 7576
434 6865 5465 966 6355 323 4120 9348 2305 4791 2935 7299 3803 6276 8082 4642 4321 7501 3222 7496 2188 3533 2830 9655 7889 109 4396 3040 4855 7655 543 6674 134 557 2284 6486 9574 5845 4700 1524 1856 9613 2818 7829 3878 9460 8646 6914 5484 2203 1476 2973 9410 2961 4849 4068 1553 7024 8316 2941 4847 125 5520 2237 6376 1484 1567 1059 1890 7082 7529 2249 4993 3161 5553 8116 1588 82 5146 4158 5243 9507 216 1498 9182 3929 3301 5405 8165 8994 3757 486 9677 31 2521 1748 368 3019 206 2633 9221 7844 6253 706 4420 8362 5646 4797 8863 3823 482 326 2125 4905 7507 9491 3306 9713 2322 8796 1737 399 7483 6427 4906 3514 8528 3726 2571 9960 7868 4007 139 5003 191 8783 7991 8698 9330 182 3945 6992 8080 6799 4160 1751 2919 7579 5395 3497 5091 2381 6258 7762 8627 995 9059 3076 3623 7280 3566 8568 3289 1253 4679 881 955 2374 6352 8427 6332 3614 8377 7315 3125 8071 9445 2126 5790 980 5367 3683 4129 6406 6737 3996 6831 5994 70 2815 5341 6390 2853 2117 435 8446 2042 8885 3254 7742 8050 2130 4784 3264 6087 6821 7252 8470 5547 2241 3834 3848 8741 2066 5591 2215 8487 1547 7547 925 8550 5694 2123 3390 2695 8609 6941 614 5020 4464 4197 6553 6407 7494 1828 2978 2708 7282 6779 1088 2233 9060 7161 7098 1895 2121 3338 9860 8894 5160 9465 4592 5174 6738 3557 1679 1474 1922 5607 4177 2704 5450 9626 3917 899 2167 1506 377 2735 4388 55 5686 2547 2162 7488 8920 2534 3299 8003 8613 2597 5213 8963 9120 2392 1804 6501 1556 1473 1297 3371 5842 364 2604 4277 2255 4547 5180 9573 4754 8830 1431 2332 1843 7212 935 6571 2279 9719 7355 8777 6041 443 3286 6620 3585 6753 5093 5576 6937 5230 62 4767 3987 2477 8258 1035 3801 7395 5617 3308 9437 4994 7422 3770 5702 7091 7801 2510 1900 3646 3562 6720 5462 5381 223 9811 4049 4703 159 850 8091 7101 1638 712 8467 6530 3871 5009 5951 1563 349 3341 497 6439 2966 956 6640 7517 3291 3890 4676 8279 8112 5125 3140 4213 3134 5506 6879 7842 4439 1488 5354 7727 8137 6583 7923 4889 8474 2296 6686 5398 6204 195 732 5849 771 9921 9050 8924 3982 8180 3445 1613 1899 4190 6953 9631 1614 3633 5869 800 970 1633 2774 7380 9280 5632 247 7443 7692 181 9190 8653 8804 797 9161 1380 2801 3512 7095 7931 5412 9333
2 6088 2993
2 6730 1641
445 7471 3902 891 5739 3302 4848 147 8957 6689 8221 372 4846 4918 7090 4448 6188 8721 3571 5421 2601 9402 5429 5901 8852 5503 8358 8904 8513 2004 9695 9739 5846 320 8305 8061 3747 7164 2262 7169 1020 7470 2516 9022 7825 6927 2301 8299 145 2414 7740 9889 7959 1686 7356 5897 7020 130 3036 9183 6107 2563 3976 8134 9342 166 5242 7442 3765 6582 573 1981 4404 5672 920 8781 4419 9809 1254 7916 7665 1608 9618 5388 7499 2276 415 715 6777 9916 8398 8463 8153 9978 4434 4253 7463 3513 3205 8942 2201 5096 7735 2667 4781 1142 1698 550 930 8029 5746 8262 9192 1038 3734 5953 3021 3404 6142 1514 5297 5151 2127 998 4486 3615 9458 9523 2172 9994 761 3681 4706 2183 4792 638 460 7817 4306 8265 6881 5344 2856 4746 1510 1647 9555 1135 1805 1729 718 2835 3083 3857 9518 1800 5898 6296 4546 2612 7075 2466 1392 4207 2148 3658 2679 6666 9652 2492 4268 6649 781 8252 5363 2222 3258 9935 8874 2618 4636 458 6892 3953 7175 532 6758 9494 3479 5781 5241 7681 5621 8788 9414 4917 7192 3418 8459 4301 2998 7060 9423 5521 7963 3991 9570 2525 7728 6857 5750 3287 2275 2989 1859 8054 9792 7017 6473 8706 5406 2006 4672 2344 8323 3786 7006 1849 1483 7459 4582 7750 5084 4118 8464 4051 1241 4835 8929 1156 2632 9760 2711 4461 3553 1909 9109 6477 8370 8728 7440 5317 194 9178 9462 5049 4634 7044 9644 1455 59 5888 2757 1847 171 2896 3276 1102 8038 2964 4961 936 1050 2524 4858 3573 5896 7904 1125 9786 1107 752 1605 4443 313 2228 6957 8237 7462 3928 7709 7434 2257 340 6858 6569 6561 9502 3126 2916 3693 6494 79 2664 4036 9754 9521 319 3530 8096 5469 3298 7687 7271 7311 6373 4599 317 287 8267 5963 6431 6772 7173 1739 7862 1665 5539 2455 3054 9886 1231 2246 7023 8218 1006 2687 1425 1967 2169 410 135 1046 1982 9067 6167 1389 7882 3120 8414 9603 141 4550 9118 686 3721 6140 1015 7595 336 1799 4751 7177 35 3493 3968 6377 8936 2657 7542 9265 9262 7120 3368 4931 6267 7650 6871 7388 2813 3858 7247 3275 1439 3206 5219 8878 2170 2252 1726 6800 6899 5184 7324 6184 4621 954 3293 436 2373 791 739 7354 2987 3905 2195 5108 3746 264 2776 866 3051 3946 5307 97 1478 8565 1714 5578 434 7744 7938 4312 5262 4355 157 2712 7613 6312 5867 9304 3267 4504 3142 8626 7009 5016 5275 6619 4341 2484 7312 7600 8879 947 7533
9 3555 1466 3701 5571 2426 5516 6697 6506 7553
2 1397 8551
2 8351 8090
2 4875 4753
2 2134 9488
110 5273 207 1845 7854 4564 7117 1479 4602 5868 5117 556 1756 6290 7546 7753 9503 1003 6646 5099 4370 756 1640 4233 9748 2847 9381 7965 9671 6270 7626 8769 9884 5292 8452 5601 7964 5346 9721 4734 4782 887 5627 3792 362 1978 9847 6058 6141 4083 1442 2309 607 6348 6510 3610 4123 7536 3316 9479 4699 5662 3855 4429 1598 8948 8049 7065 1078 393 1515 4105 5715 5232 6603 5296 3066 4982 4185 6466 3053 7479 7240 8222 1817 5386 2841 1955 123 5895 7390 66 3180 7585 5720 2199 3663 1129 9438 9669 9745 7995 8622 4608 555 7779 6066 9673 3242 473 6513
354 1099 9215 5993 3355 9100 6411 3391 1369 8266 8635 491 5446 2932 90 870 9143 9285 8681 5458 2189 8371 6624 5526 3510 5691 4500 5164 6067 6128 1851 2404 8274 3201 8077 3367 9798 8022 438 2605 595 8700 8600 8511 3013 2029 5653 3283 9647 4348 2614 5759 3954 6313 1416 1353 7431 1945 5238 7102 4701 946 7232 6495 3322 5011 1174 667 3133 640 3080 3463 5799 8357 8291 4223 4633 1904 7795 905 8197 7451 7564 432 6626 1124 8173 7941 6840 4831 2105 3518 1026 1171 2955 9953 4204 7141 5880 2132 6661 9511 6022 8541 8175 3601 910 8073 6275 869 7316 7845 6057 4930 4864 1701 8430 662 6889 1151 8596 5575 1611 7165 1728 4411 8835 1247 5861 4167 2498 5382 511 8749 7685 4914 9937 4566 4444 5415 2726 3424 6394 522 2431 8327 7656 4710 552 766 9193 5770 3470 1591 7680 9636 100 5233 6343 4017 8890 1604 5732 5730 7702 1560 5393 957 9311 742 9584 4695 5068 4577 337 7997 1013 9544 4240 9855 6123 5932 883 6371 7370 5527 2970 260 2313 266 1475 4021 716 5618 7922 3290 7114 9246 6785 4532 385 9528 8297 5613 7764 2807 5149 7605 2537 916 5491 852 4245 2442 9149 9562 2354 6010 780 7860 3847 8843 9569 9139 8611 6225 2874 4005 388 8836 1671 1952 7028 7336 5941 7327 990 3644 9762 4183 1005 9432 6862 446 9806 6708 3742 9205 5170 7610 3612 4164 7591 7401 1907 5257 7172 6580 6347 8338 4166 4402 4938 4202 822 8148 1961 5860 585 7027 816 1372 8340 8589 3672 1001 4389 619 8485 4874 510 9374 5820 4272 4481 1428 2781 9248 4941 4948 5978 6659 5088 9391 7019 1600 5585 4247 2869 4662 2421 5370 5422 5375 4527 9194 5569 257 2037 8146 653 8149 2158 1534 627 6734 5100 1853 8179 4012 2650 5403 2212 1523 2151 3197 3678 2342 4438 1356 2542 657 8735 7011 7609 3394 2236 9683 3800 8330 7267 9179 9664 2564 827 8075 7788 1905 488 6108 5478 1103 3705 1702 9551
2 5227 7148
2 8898 138
240 6179 558 4693 2793 4525 927 4315 1777 6227 7962 5334 757 7660 8881 8184 5766 6165 6961 1220 2409 302 2441 6463 1222 5859 4424 1550 3778 7428 6788 1276 8063 9717 7294 6099 4511 7826 5325 3124 5154 4132 4635 1486 4148 1093 7697 3360 8359 5451 4535 6559 1511 6362 7057 6335 9630 7671 5351 2926 3523 7960 7748 4367 462 7077 9469 5763 3771 1985 3990 7262 6102 3113 9097 9720 2957 698 4339 5534 2512 9758 360 8304 1496 9112 9959 4062 765 1607 1094 2888 841 6743 5342 945 648 1145 4382 456 8866 2745 8954 4877 1903 1693 5261 7658 2270 4198 546 615 5944 8740 3359 9129 6500 5352 4936 3895 3774 6384 3865 8638 6025 1286 1881 5311 8445 3656 7990 3413 6512 2089 2422 1992 3304 9208 1112 5017 2328 6549 217 9007 6345 9672 1120 5362 4153 4919 7723 4561 3398 1920 5155 3307 9188 9245 56 345 6789 734 7285 7004 6736 408 1602 4544 4353 9632 3084 9955 8443 4431 2553 8047 4898 9793 3713 1873 6138 9853 8393 8820 3231 8861 1072 6827 1258 5957 2269 9723 4109 3868 8956 3377 5582 5 1214 1964 656 5555 4161 4637 8400 7251 9539 2020 1209 3819 9040 6909 9682 9167 609 2315 471 5332 2509 5130 9448 3046 1636 1249 4612 5775 5487 5592 6379 6650 7885 5058 1217 4133 5754 7319 5390 7094 1352 220 1887
2 9556 1386
2 4821 9988
2 212 9543
181 5204 666 7353 1313 4441 3213 9933 9463 6103 2213 9995 3836 478 6592 3820 3941 1617 5445 9209 6863 1192 8800 8306 2715 9599 3409 3455 1561 8064 6994 7743 3477 5734 9042 3207 3028 5948 4053 4626 9800 119 4739 9810 8790 3550 2447 1915 4648 9773 1080 4006 2114 976 3598 143 1765 663 8286 2075 999 7018 4483 1573 2602 4459 7535 6217 9707 2655 9641 4745 7810 4038 4879 255 9971 5655 7866 6457 3697 6015 7078 2909 2954 1213 2889 5278 8535 8857 1029 3476 9564 4584 9158 5914 9775 3212 1430 6985 5397 1571 6794 6741 2578 378 605 9301 3887 9436 7765 5248 3495 6876 3515 7139 3047 5005 8284 3108 7637 1677 823 4972 893 3781 9362 5541 8975 1279 7505 4227 4057 790 9535 7714 8590 579 7325 9357 3591 3351 8514 9701 3086 9490 3262 423 3907 8251 6989 5764 2039 589 7179 169 3364 1537 8807 5997 3607 2556 8546 5912 3787 4628 4724 8507 2396 3728 7976 9506 7598 2949 8571 9251 4099 4820 3572 4094 9704 7924
2 3048 5777
2 8114 2265
2 7774 4398
2 1596 4764
2 3006 3511
2 4690 2823
2 3554 9282
2 5681 601
2 5561 3153
2 9481 671
2 2623 9155
173 977 2636 6973 6 8115 5800 5066 2072 6344 2617 1662 9609 584 9382 9144 8364 9455 1449 8028 8270 6468 963 1825 5047 1855 3744 848 4210 4299 8014 1601 3772 885 4574 4981 1863 8417 6842 6333 1936 5745 6682 9594 1893 6505 9611 1212 1761 7777 9646 4485 9778 7608 3480 5920 6877 7389 2592 7856 1011 1338 5794 4255 5147 8390 7570 2488 40 6462 1676 8918 6052 6195 7751 5995 3443 641 1282 418 338 8466 5848 9622 8685 1280 4143 583 8416 3469 2852 2701 2692 5284 6438 192 7526 845 4004 265 7863 4433 3229 9187 3459 2077 1886 3714 1801 9705 4955 2469 6712 2353 8841 5579 7713 6947 4335 8253 9650 6078 3647 4668 723 4284 3737 5383 3802 4803 7257 3457 3458 6000 1198 4624 8021 4723 1818 2593 7531 9444 9328 3128 8373 6043 682 465 9037 8121 6011 2 502 2975 2972 2335 4656 6651 5418 5314 205 8868 942 7439 6761 6174 5871 9486 3464 2210 5027 8030 1058 5029
292 2007 4077 7586 4028 6077 6621 7824 4086 3894 8582 3166 5466 1885 2570 7798 2764 9617 2045 884 7170 5557 2865 1182 1457 6931 6385 9376 3704 126 7987 9061 3986 9838 433 2619 3490 4795 846 4920 1956 4518 5709 4314 1869 5834 506 8594 3880 5098 9508 8066 5270 7906 2339 253 1832 2976 9944 178 4829 8795 4524 7971 6458 6822 1527 7873 2924 6888 3313 8658 6809 2591 5633 7381 1626 1410 8125 2545 9243 4809 4000 9235 2336 1161 4996 9383 9079 6874 2468 1403 6540 2834 7761 1499 4685 417 5650 1709 3471 3340 4708 6036 6982 2100 9234 9122 9232 1150 1251 2843 1070 4406 2821 7518 8163 1704 3332 3072 6965 1564 3788 2983 1040 9124 7448 32 6134 767 2208 1077 3148 3204 9230 9148 919 1944 7360 6934 494 6381 2496 4834 5614 4610 5747 9844 8108 5037 4790 3594 3192 6293 3849 332 678 4292 3676 7084 3843 9272 2026 7035 1653 2321 6636 4497 7158 3343 324 6160 114 4589 6425 2607 9406 6502 5290 6783 2418 8921 1784 837 2383 6331 9312 6192 6289 9963 3814 4841 4332 5996 475 6503 4349 4502 34 4620 4567 3370 3044 591 5965 237 529 6567 2380 3319 2070 3715 4965 4512 8261 670 6400 3255 5943 8 3337 5839 2727 4386 7482 4590 2705 2054 8098 6116 9130 4711 1329 1480 5396 6894 2059 5980 6560 6987 8318 8974 967 8679 4254 843 9466 7321 1507 3065 3384 7717 9259 6305 4892 3049 673 4800 1772 616 8599 9038 2814 3916 7486 3712 5812 2071 9324 3970 5053 4505 2981 7721 3879 1747 4201 3897 2014 245 5259 1877 833 8640 7815 5361 17 9561 5411 9300 356 7425 636
2 5562 8453
2 6173 6845
2 5836 8561
602 4771 993 8648 154 6420 5567 9041 183 2744 7233 6111 1208 1548 6547 658 402 4991 4072 2790 8630 6848 4522 1284 5189 7300 4857 6064 3619 228 8123 113 3240 4987 6120 9110 8695 2762 6544 2400 7076 741 8213 4084 6136 4468 4528 107 5609 2171 1794 5115 6654 4869 6740 5985 1443 5522 2282 8914 9249 4958 1305 5999 1715 5032 2229 1132 6700 5523 4521 4719 3087 3722 2541 6034 4478 4390 3733 6093 7052 9128 374 8241 5772 9096 5163 6100 5904 7039 7784 2710 1464 2244 9364 829 5992 9426 6075 1528 7474 2438 2178 4630 8839 4257 6298 6529 2900 7772 3220 273 6449 1083 490 9915 3969 2533 8272 9820 8018 1650 3881 9261 1191 4156 6404 2471 9538 5113 3588 8345 5481 234 8912 5858 1368 1110 7982 4011 6009 1055 5267 7464 4149 3937 5570 6698 7791 1979 3432 6641 501 2832 1823 1708 4127 8419 8692 3912 3465 7265 9369 5424 4969 1378 6429 3618 9296 5916 952 2628 2674 3100 5094 6308 1334 5251 5906 5309 3760 2365 2890 489 7297 7002 3266 9288 2568 9497 9583 3121 5324 296 6401 1655 7933 6520 8236 1021 1934 4455 4450 6450 4680 2811 9833 1147 6746 9678 8751 3603 9691 6538 9012 7548 5048 4921 9146 6604 1876 6358 7758 6398 5946 4654 3165 6351 693 250 3025 7015 9759 3196 6177 8711 2862 7305 8396 5970 1248 1536 9203 2759 503 2997 5153 7814 1016 5698 214 8869 1255 2086 2739 688 6850 4374 4186 4651 6681 4384 7339 7684 2082 4262 6763 3915 5833 6995 4999 5302 5331 3381 3780 6317 5546 7843 5283 5480 4239 9132 801 1555 1275 5457 4910 3537 4702 3846 353 5537 5150 2325 2646 5628 2515 309 5892 1468 3419 2429 5673 3067 809 8736 370 8659 5026 7787 8509 9771 4317 6266 2214 4385 2809 8412 4873 5976 5372 6397 4698 2218 7593 5639 5840 3926 1755 7619 8838 507 4606 2517 5075 376 2649 1089 7323 5925 7512 4773 2419 9768 8483 9305 7352 847 6519 60 6250 2714 1521 7712 2285 1163 544 3620 4742 2319 6418 7244 2589 5200 7113 4100 9761 7738 5752 1367 918 225 3421 7332 3833 7589 4403 4360 6608 69 7383 5757 5991 4191 8988 5721 9542 2476 8986 3606 4571 6541 7657 8436 7943 7157 7419 5162 3900 4627 7930 2181 6886 2583 5670 1364 6288 6214 5540 1678 5535 4484 5400 5907 4578 4897 9499 8628 5945 7511 1675 8935 5563 2005 4595 4559 6018 3101 2706 8347 3892 1744 7654 8154 7128 9779 8478 8564 9880 9709 9263 5971 8919 1989 5660 3702 8802 8348 1940 7193 1699 7298 1014 2016 6143 5649 8776 2073 6264 3085 1056 3011 7679 7562 515 8903 6334 7217 8207 9640 8889 2749 4989 821 5253 6986 9487 7202 6240 5824 1538 8959 2798 8035 2320 3852 1532 4212 9939 6346 6232 1750 9920 7345 1420 8234 4336 6287 680 2743 8387 7477 8727 219 7566 155 6764 1173 8151 2912 6648 5310 796 2671 7912 8562 1409 8555 5572 3014 6493 9009 5778 9999 6432 535 5343 740 7246 3354 4270 7703 1458 7623 4507 6278 8360 7539 7809 3253 3789 5082 6798 6380 8156 9323 3070 5214 8999 9587 2370 3587 5329 1194 8089 4200 1694 4318 4137 559 7050 330 87 5021 1770 6593 6611 8007 811 3525 6778 1376 6361 8469 6577 7732 5010 1996 9411 1595 7046 5742 1342 3059 8649 3272 8409 315 8497 8310 5436 974 2444 2895 96 2182 3655 5685 9408 7682 9482 9525 4819
2 3071 9872
624 2528 9742 7181 2295 6692 7062 4230 2639 6368 751 7036 6326 5792 1374 4250 1839 4475 1931 5103 9867 8969 9957 8155 3280 9993 8076 744 5308 6115 2763 1632 9039 6605 4220 5793 5339 1265 2024 4887 8739 8657 4649 3174 6557 1782 444 4023 2761 7812 387 6222 8259 6660 2294 7030 4418 6191 8585 4015 3489 6203 3596 7632 277 7983 9912 7480 1336 4893 331 5441 527 8519 8479 5851 1069 4048 2445 8862 1039 8899 1246 6426 2621 4911 8344 2999 6940 6498 9648 3093 5175 7617 5137 344 4580 9451 3527 1412 95 54 6518 868 560 3385 3221 7578 3499 2061 1206 2463 5886 4811 3317 5109 2829 4097 5460 2754 8823 1857 7180 7757 2724 4856 6456 2146 4263 4150 6849 9290 3292 2580 2460 6839 8488 5286 26 6597 554 1924 1424 3921 9275 4381 3415 9782 3309 2095 8723 6801 8539 1663 8088 572 8226 9592 9473 8473 1687 5435 1796 9287 753 268 4807 5887 4641 7638 9254 1045 9175 8944 8292 5293 5883 2548 2733 3796 1954 8278 8686 6702 7384 3003 386 6759 5414 5349 8083 9732 8930 6084 7025 1531 4352 7852 4175 5385 2023 9020 4325 7135 7118 7493 185 8771 8188 2091 9816 4199 9372 2274 4163 9019 6363 9712 3628 4405 3956 7635 8966 805 8209 9021 6715 8523 1889 859 4496 8361 3431 9398 9563 1986 6496 1646 9666 9457 3828 8300 652 8779 5427 2083 9306 6859 9743 252 9980 6642 7754 2722 8317 3829 5710 8552 672 6349 8961 3565 3694 9817 3478 1941 4650 5684 7083 8309 7167 9923 4218 9845 7522 9476 6474 4187 3129 6550 2308 7666 6980 3635 985 5319 3068 6273 1200 9541 5353 2880 1894 7832 8581 2637 6235 1760 7875 2291 9727 3542 3156 8760 2624 8759 346 7335 5357 1205 6410 4973 1266 8529 4216 4081 9378 8559 779 4664 3235 1949 8654 8731 4142 8187 7569 8604 5394 8785 5067 2731 2427 11 3188 3759 2264 6895 5459 8477 140 4542 2610 8778 2554 5448 5291 7407 4538 0 9136 3541 2622 8548 4728 5767 6339 8639 971 7337 9241 7900 5215 1972 6004 7879 9084 1444 3526 4124 6024 9887 3637 4720 1278 1543 9857 1789 3344 3097 4108 5410 5006 3321 6209 2910 931 1388 9337 9824 1065 2752 5229 9765 2958 760 131 2341 5719 3297 1544 5789 597 9319 437 7066 4717 1252 4391 21 6818 1104 359 4319 8199 7214 4530 328 2718 6393 2911 1583 7058 8168 705 196 7131 807 4677 7444 1232 1395 4246 9338 5532 5505 1991 8617 2256 2113 8782 5881 3706 8998 8601 7487 1068 2454 6436 3724 44 9689 7550 2240 7145 2102 4722 2645 509 7400 9907 8201 8895 562 230 9549 1966 395 8335 1152 7149 6742 729 7816 4939 2289 9663 5192 6353 9394 3569 530 6828 1712 7596 7523 6522 2057 5587 4537 2450 7741 9064 3940 7981 747 3758 6990 129 7108 1343 1732 8543 8516 1616 2824 6825 7778 7205 6954 4844 6618 9983 4772 4146 1584 2013 3078 9991 4241 5803 7178 958 9698 895 9172 5704 3998 1365 401 3203 8025 6446 2885 7302 9637 8775 9297 8748 1453 1327 7129 7475 3837 6652 3692 1391 6823 6749 8632 4555 7397 9735 7045 2470 965 9516 106 6104 6045 4498 4802 6499 4614 9397 9627 6213 6696 6169 4860 8004 1169 2934 2666 3649 3122 9078 5678 6021 566 2147 9419 3330 7121 8264 8563 3577 553 2453 1477 231 9830 7438 3397 1009 5603 5196 8142 9962 6589 4426 8269 2656 1753 3891 9225 8110 1166 3023 3645 2129 2729 5828 9428 6826 3821 6923 5648 6657 1181 1330 6098 7069 213 6556
301 2157 4974 1096 5095 9238 5968 8145 1319 5597 5661 6269 8992 4282 4671 8040 1193 6151 7308 5083 4055 8922 981 203 4895 1688 6283 3730 3031 4854 9685 9033 2111 1953 824 4295 2478 2088 8023 6956 7720 6664 3918 2297 6285 9747 7686 576 642 1239 5156 6193 1381 7884 4449 4178 8597 2675 721 1033 6533 9422 103 8675 3862 251 9361 2567 5804 2669 4409 7013 1872 6591 9125 3017 4267 2595 9266 3075 7892 9091 1071 9088 3886 3699 3936 1848 2756 6721 9226 9098 4926 5338 72 8435 3552 2873 3449 5855 5560 8750 6786 190 3816 2945 480 7800 6139 4556 7059 4138 2959 19 7525 593 9911 7404 7406 7823 7038 5502 603 9931 4655 7616 5566 3840 1225 1962 2740 3251 518 5000 1471 7089 991 9753 1441 6063 6565 7338 7453 8268 1798 3015 4581 2723 6286 5202 802 9317 9881 831 9076 4195 5256 1870 1308 483 5623 8853 3331 2833 9785 3919 9283 7334 2317 871 9834 7668 454 1807 2402 1490 2019 5979 8002 2375 9352 7696 1599 7402 5326 8331 7043 226 3135 1114 2390 9532 1754 8651 606 6325 8917 1429 6516 1347 9247 8245 7604 468 4839 6327 5104 5042 4707 630 9949 7125 505 4025 5529 8257 4400 1669 1211 574 7949 763 8586 7896 8693 4040 6155 1240 675 5538 1830 5967 9679 5616 3265 8041 9787 8573 983 1296 8092 4369 459 5805 787 7454 9565 2965 1042 9996 3769 6367 5774 9239 9286 6750 5143 4531 7998 2598 4945 1938 665 4643 6459 4686 548 1930 7362 1188 6924 1084 9638 305 7581 2540 4716 4095 8813 8784 117 4992 3882 8939 580 2074 6573 8084 8908 1261 8352 7373 7830 57 4264 5195 4814 2417 9335 6443 8534 5276
186 5473 8724 7008 1844 9854 2408 3176 3150 3967 9470 7061 5271 7111 3356 5935 2435 1518 1130 7989 2250 9170 7977 7544 1283 6938 3506 9368 1918 6131 2352 5090 9858 5761 3167 1469 786 84 4983 2311 1927 3223 8676 4872 5903 3622 308 4342 9294 4313 4116 9840 8365 6566 1482 9472 2081 788 5847 2101 2676 2433 5975 3217 8811 1565 6805 8738 8652 6309 7725 2331 1901 5615 6616 4035 6684 8109 5073 3481 1976 7940 8166 7773 9314 9905 4508 5019 1404 4103 4152 3444 7053 6679 1495 2064 8183 3574 4206 3132 9450 1592 9150 133 6366 8789 5127 4196 6639 7386 5212 7645 2609 4604 6454 7398 3707 3874 7304 5417 4727 3718 6037 8962 1492 7468 8008 9566 7970 1023 8329 6564 7699 6484 7980 6210 9615 3775 8871 2349 2523 3923 3453 643 5878 8195 3544 3373 9505 6578 928 1406 8231 8798 5438 7897 2474 6471 5729 5783 8672 4866 2112 7310 2115 4775 504 7836 6395 4269 1007 5882 2546 2106 3696 6968 5727 9393 6026 8984 6774 7143 4490 8691 6032 1917 8426
2 2719 2452
171 1315 9890 8732 9240 2557 6451 6118 2819 754 3328 6767 950 3035 2490 6643 3558 9308 6829 6776 3739 3502 5947 7292 5274 6068 8971 3063 3885 5612 7289 7919 2792 8764 9073 1509 8239 400 3382 3669 1219 9803 4280 5377 2251 3027 2703 6709 3854 7199 4244 3199 3447 2892 2196 1623 2079 452 8848 4730 6917 695 5524 4489 886 5279 3972 9387 2048 9575 2191 4793 8662 451 4888 4279 4408 8010 4430 1309 5161 774 3643 996 6726 7253 3932 3783 5432 487 2012 7481 2848 3468 421 2219 7677 9922 6218 1318 2015 4786 720 3586 1745 1834 6791 3239 4344 7909 4865 4818 2831 5114 4480 9401 8410 7881 964 9468 4001 2845 9878 1062 229 2867 7691 5737 907 7329 6832 6838 8132 7819 2864 112 6833 8429 5549 9588 7612 903 6617 4125 9593 4622 4248 5637 2737 6900 4638 7478 1143 1398 3797 7903 9610 1447 1293 7620 4112 47 6144 6478 6460 6773 5485 4777 814 1450 793 9548
2 3570 3123
2 7996 724
2 4364 7901
518 7555 7883 4658 3559 8282 7818 1418 4271 8719 4047 8508 3466 3485 3446 3859 7993 6807 2585 9968 9552 1487 5811 3564 5841 6086 2917 1047 4136 8615 4276 874 8493 3604 1346 7864 4779 5850 7399 8554 5699 6444 7130 2914 1419 5447 5504 1943 38 9433 815 8325 9023 4471 1157 8093 8127 6166 137 4714 2204 3813 8431 4063 857 8831 6532 5129 1245 1975 3052 6671 4923 5258 4863 6609 1411 5074 48 908 5659 7127 9777 2412 9360 4002 9415 540 8767 3474 6178 7811 2420 533 6129 6322 5489 236 8671 3434 8104 7415 9223 4 7445 2825 5168 735 7853 8540 3964 6206 9063 7640 9153 4445 9546 5608 9094 3582 3844 6294 8870 3163 1291 2897 5933 7939 9722 9420 7079 8298 7269 9443 142 3966 2898 2051 3022 778 3103 2299 6993 8056 6946 3211 6955 7736 8743 8621 3652 4830 792 6629 4458 4755 3177 3281 1657 5838 7951 6350 5645 7898 4761 9066 9366 1207 367 2951 8391 1256 1568 1165 8379 2491 6811 5097 7565 3627 6962 4326 128 2625 2364 4495 4376 5442 5717 2356 7351 6908 9524 7367 8619 6194 8031 5891 8537 2283 4447 9483 5765 9291 912 3962 1301 9728 3088 8979 3776 3822 3666 7457 9031 1287 8824 7358 6633 938 6792 8202 1054 3811 8663 6870 2858 3735 6716 4778 1227 2458 1267 8703 5300 352 248 9421 2002 9046 1837 5408 9036 5927 728 4827 4179 4358 7921 5680 8034 9126 1325 8233 3850 2575 5782 8812 3402 2956 8650 7350 3977 5092 1928 3365 2302 6967 318 2927 7376 1460 8000 5600 6359 7432 4117 8527 5050 9157 8605 4050 4463 8043 180 221 3538 8312 7575 4363 1025 1060 1075 1597 3935 5565 8576 3867 6183 6755 8780 9586 564 9211 8927 4843 416 284 521 7196 1850 8677 9981 9697 1891 3273 2499 1836 9580 637 9102 6991 2977 6083 4696 7208 1530 8138 4265 8176 9805 1814 3965 2794 1502 9388 7768 9653 4984 7436 6930 1802 7182 1186 4534 4519 9386 2312 6602 2562 1692 6707 5714 6149 7913 2046 7673 3768 8037 5973 3441 4675 9791 594 4144 5594 8882 7520 3349 5813 2693 7423 6687 71 7538 3745 633 7349 6685 1310 8053 1121 3799 953 8326 1095 8547 7627 3427 5688 6133 6706 9662 9948 9210 9032 5909 3259 5423 495 5179 9427 7194 4338 578 8428 4090 2765 9295 9331 3030 1880 4575 1763 5488 7806 968 4440 2929 2662 7770 8644 1716 3593 3012 9776 2560 2136 4927 759 6150 7894 5917 1923 5654 8574 3326 1612 7582 1051 1328 9116 1812 6542 7032 3795 8566 4653 5733 1734 5335 6320 4296 2590 6437 8113 8837 6112 148 6315 3973 4308 7503 4293 4113 6277 83 7651 3662 4738 8933 9131 1243 2784 6175 3000 8256 733 9645 5929 8283 2904 3352 6658 7835 700 9659 3099 6220 5122 5449 2928 1485 7230 6019 5497 9781 7153 4437 7000 16 2751 3369 5185 4558 1705 8394 4752 600 2883 4859 5116 8462 8206 3782 3246 5902 1250 9877
2 6625 3815
2 9827 7256
273 8887 3256 132 710 7241 2465 8248 904 3214 5807 940 2769 6921 1820 4587 9264 1896 9370 5822 7606 5035 3383 2721 2348 7137 1997 1947 775 2513 2691 6336 5105 2197 1542 5336 3062 6869 2456 7730 6300 8186 8873 872 7385 4990 3860 1393 3546 9117 2503 1405 7695 9866 4346 5787 8147 1883 1345 9160 5643 6272 5960 6274 5345 2844 4890 4101 708 2486 3674 5313 8356 5373 2901 4618 9624 5736 7287 777 4903 7458 7846 6311 3568 5218 7573 3740 6744 6969 924 149 3617 7295 5894 7661 8815 6374 3505 2040 5281 8425 2481 5041 1384 6205 1858 9206 7611 5315 7274 2577 2569 8713 7821 1370 9901 6475 4683 3673 5079 9092 2010 414 6097 3703 631 2770 4883 6482 4456 5518 6035 7644 6171 7999 7391 6897 4289 3653 8521 6154 1619 1846 2816 2991 1117 8947 1775 7554 9292 4159 2536 7669 8821 8520 1012 7967 2725 6678 8515 262 2812 1459 5004 1262 1898 8819 6323 1786 6757 6257 4261 7647 6223 794 674 9892 5915 4586 8052 4509 9035 8288 8504 3727 3346 4674 1087 8402 6247 1210 3472 9660 6445 4684 512 3026 7968 7629 2448 4079 68 4617 8955 5583 2306 6846 9965 8219 8859 598 5045 8842 2008 6435 7183 7219 4652 1074 7042 6027 46 8411 6979 6526 1914 9849 6211 8720 8937 9749 3640 9 1661 2260 5101 726 6338 1874 5610 7568 5852 25 6156 6375 9823 9043 4757 2243 7225 2925 6815 307 1396 5002 6539 8129 52 4493 272 9862 1340 941 2778 9568 4214 3007 1061 6866 6453 3609 9309 4145
2 9802 6638
2 5392 5500
287 4871 8315 7945 3032 5696 987 7675 7560 862 6279 851 9233 6525 6903 8321 8792 2099 6727 6699 2992 204 6492 325 5402 1436 8039 7972 98 3090 3785 9514 5468 2245 5031 4029 160 3750 9025 9250 6280 3948 5350 6509 2078 6284 1153 9267 8458 4229 9236 8332 3184 7648 5477 5705 6254 676 4785 8643 3429 6304 5298 8907 7022 8095 3325 232 8273 6976 5816 5305 3147 58 4940 9389 2893 6215 1788 1226 9972 9026 7200 9919 4732 4862 224 4243 8405 650 1724 8143 5964 1454 4297 5228 4776 1654 6751 5304 238 6739 9545 2482 8809 8228 1139 8303 5178 167 3269 3089 6238 5171 9772 2411 7275 8690 6637 3043 7007 4073 9715 7268 6910 1621 6782 9992 3055 3045 1520 6555 4075 2946 7558 294 9152 6119 1727 2505 3924 422 6163 7621 9214 2337 2549 8688 5749 4366 4154 8860 5434 288 200 2552 7097 8631 9199 8167 1018 7956 517 5216 7794 2526 5063 9134 3608 4694 3839 8714 2838 7988 2009 6932 6717 1946 9070 1354 7374 8530 6630 5795 6234 8015 3194 8940 4428 5194 3400 683 4922 382 9484 41 4042 651 8322 1585 8254 2194 1063 5316 64 1288 1290 74 649 7005 3186 1164 8761 5299 174 2080 4285 2430 5078 7683 1529 4452 2395 2118 1540 7379 2613 2067 4044 5052 4569 5966 914 2153 8791 7301 8707 5718 6271 7734 2527 3686 4591 9471 5854 3983 7870 43 8684 4170 2143 9353 2982 7115 8726 3029 5819 6157 6872 5340 6208 979 8423 2716 7530 5250 3981 2410 8602 6515 8906 6048 5190 4334 6810 1629 9222 610 748 5936 3535 4410 7322 4632 725 2984 832 7563
2 6480 7822
748 8932 9696 5069 9970 1810 4568 525 6766 2529 6514 1634 1501 6262 2266 2318 9313 9896 2248 3388 7254 227 1274 7622 5001 9256 9870 3 2908 4165 3798 3947 7340 5018 1925 590 561 5374 3974 1682 1184 8472 4251 4324 168 2060 2225 6584 3435 2760 6472 5140 3975 9897 1707 3754 193 7344 7926 5753 136 8111 6212 3602 8660 9750 7630 9274 6158 655 9080 314 3342 5223 9257 3467 9908 6793 5758 2531 6069 9017 3411 3374 8333 3567 8774 6434 3657 5856 8223 1983 7925 3682 4061 9757 9616 3486 7955 4399 1683 6047 2748 3442 1852 3650 6137 2950 2713 118 427 9034 1622 1882 9485 9105 9984 7698 5239 9987 5630 6722 4545 9976 9289 4310 4826 8806 2750 8461 7848 4378 2259 8637 7156 4351 4093 209 1670 635 5981 1494 4951 7786 8730 3462 6497 2043 7174 2677 7085 5711 9174 9181 1970 5277 6890 3955 1123 2304 1610 7144 8211 9614 6189 4853 8160 5036 2247 6219 2090 6703 2799 3426 1307 3439 620 4286 7541 1414 7979 4646 9260 2939 2360 7974 8606 1321 5136 6337 8161 8545 7838 545 1710 6873 9869 6963 842 7201 5376 1590 7435 2979 2493 2345 2573 9668 2859 8349 2555 9596 8128 9400 7969 7465 8397 2640 108 5550 2050 1559 5969 2654 5128 8046 3914 6242 4912 6861 1423 1722 6114 1022 6918 8072 7574 5926 3616 9196 371 8301 1259 3312 2350 8094 9956 5387 8086 9425 9807 2206 9843 6341 7235 2461 163 274 3943 6318 7034 1491 6723 923 7307 4457 5791 5416 2709 8164 1300 6841 406 2109 3172 3551 5724 3396 5814 8827 3460 1551 3119 170 3175 9752 8020 7286 865 4842 5133 9961 2638 4503 4394 2996 9140 4765 27 4380 7160 6292 6391 3889 7767 2866 7515 1862 3033 9315 429 6878 3492 7093 1122 6902 7755 4134 3215 5784 5716 8051 717 6733 2179 1888 6452 6038 8610 453 5751 2058 702 6944 4705 6983 2903 1281 1603 144 8708 513 6476 896 644 215 9904 275 6092 1234 4290 278 4986 581 122 9326 6594 9815 2732 789 3661 5247 6704 4234 6622 1685 7123 8070 2416 9431 4224 7693 9403 8949 8382 4252 1539 8970 4417 4045 2152 9567 1503 536 7452 709 8746 932 7197 2698 9783 1741 5743 7855 7014 7371 9013 7092 6665 7347 2145 7231 3521 1316 7807 6181 2875 3584 3520 1224 7357 5512 2124 5220 7781 2606 4794 9373 2483 2963 8383 4303 7561 2855 5700 7594 8951 6884 4205 6030 3314 4548 2187 8797 3245 7054 2782 6382 4392 6527 994 6996 4880 300 7789 6693 9740 5514 7239 1906 2544 6590 3700 2827 5191 5642 8337 6054 6915 6724 3137 6928 9375 1202 4596 9531 2141 7068 5596 1833 5464 9003 4796 6644 7667 7394 9142 2878 8247 1725 5249 5425 8641 9163 7827 2686 2680 3350 6383 2938 322 3808 9169 844 2343 9589 5039 1263 500 9395 8846 3361 1703 2857 3228 8768 8522 6714 6864 3456 1116 8386 9162 2140 3979 6802 8689 2629 311 9629 5159 2806 5982 4140 8595 9530 9694 9115 4536 9195 310 1218 8369 563 6316 6718 28 7291 929 2293 1175 5378 4298 3575 6898 3869 2933 5419 8457 6695 8968 9082 177 9165 3583 9560 6945 3146 398 7513 3870 8085 5356 1238 9218 4838 6663 6958 7918 989 4327 1558 3410 2202 1053 7670 2747 9016 3277 3096 7279 3711 4423 7861 2047 3667 1811 3244 2861 5102 9902 8973 2543 239 8157 7040 1067 9703 5364 2643 442 913 5930 8246 4822 7737 6291 1236 7330 8481 9171 6245 6302 2755 2846 9008 6919 2558 1229 2055 8757 8910 5636 7994 2278 7485 3599 1456 4174 2788 3296 9850 8884 5476 834 4283 1401 9928 9006 9355 8633 2467 424 8198 3002 9729 5467 9173 1977 6049 2508 3110 7973 33 5825 3824 1339 3403 9051 901 8664 1190 6490 4414 7865 1951 3997 714 3611 9595 8758 3416 4861 4520 7500 8666 1762 8682 3842 7790 8491 3560 684 1865 8584 3278 8120 7491 4667 3861 1113 6806 1697 6551 6152 2200 6977 5295 5040 9557 6612 6797 464 8828 6673 8787 2382 3279 2930 4058 285 9101 943 5676 8952 4669 9202 1884 661 9841 4309 3777 4249 111 6676 53 2796 9440 8193 2817 2273 2221 261 4713 3154 3417 6907 2795 5955 1589 6039 1493 4943 6126 3749 1223 5479 9200 5631
2 9354 8407
2 7775 6891
589 9873 9284 9533 5169 4743 1664 4645 8290 9509 3001 9879 6241 2918 5323 2227 7992 8864 6926 9087 6461 4666 1052 6125 7857 7932 6694 348 2699 1897 5624 6745 6487 7154 8355 7293 366 7392 6732 3248 8926 621 7952 5483 4228 2386 8656 1273 3872 8224 3949 4211 7880 4059 6546 4491 5669 3488 4460 3950 6089 7387 1119 3376 1827 5413 7489 8158 679 2620 8162 1440 6239 4615 2334 3324 2797 6003 3944 4733 9910 4966 6470 4395 3731 431 9591 8012 2730 9056 5939 785 9863 4725 2804 8997 3285 8972 1829 7420 3050 2539 7074 3825 2393 2647 1092 9751 6319 8814 1295 6260 8525 5138 8480 2307 7236 4422 9794 4330 9842 6883 3736 1554 6585 2913 4266 1935 3992 7915 7238 7831 3629 9197 5431 3451 2495 9322 8647 2424 3679 2464 9390 2673 944 6970 3202 4810 1017 1037 8406 2258 7186 8433 350 9687 8587 1148 3257 2097 8865 286 6028 3098 3938 838 7958 2828 7580 1958 1740 3414 1189 897 9492 6543 4850 803 218 9496 2001 2642 2626 6389 9213 2462 3111 8185 9449 4868 3888 508 383 2185 5937 9966 5735 9119 6851 6728 6265 7228 6803 926 1097 2092 5580 4816 7203 5493 8468 4024 5923 8375 3659 7813 4372 1036 2432 343 534 9927 4631 9831 6161 769 2962 1795 4729 4232 6523 9839 2268 5725 8144 77 280 1362 5989 1320 5564 9865 10 3830 3185 9500 4824 6369 5589 5744 7133 8060 9534 2969 9826 3041 6370 6820 2688 1452 1580 5186 5303 2767 22 5740 7104 2372 6403 2682 449 825 7837 5112 3710 549 8455 5983 6748 7378 7731 4379 6062 4552 2144 8747 7797 4988 6824 764 3999 3519 6061 3208 7902 9913 8448 3522 8024 8159 982 5990 7249 1462 7986 2986 9498 4501 3195 1819 4817 5080 1995 5287 267 463 5873 3524 176 1158 2803 4304 4080 8517 7733 731 8773 613 8607 4933 8826 3755 7859 1400 906 3189 1106 5590 5748 1421 1233 8616 1593 2670 7070 9917 8490 8915 4098 587 8235 2937 9090 524 9217 8177 4128 3138 5977 2720 6867 3675 7763 8017 279 9099 8923 8499 7985 6237 6201 3271 7016 276 9945 4657 4432 3920 7953 3631 2653 9002 4825 8492 5043 2535 8403 303 9883 7749 4107 5224 4551 9156 6901 9851 101 2884 5474 9846 5265 5188 1672 5663 6095 6050 2369 8981 5884 1842 9649 4563 1861 8454 7107 7893 8892 867 2041 6268 7375 3716 1461 5210 8460 3339 6911 9737 1968 3428 8212 5581 6813 241 2944 2277 7672 3995 6033 7631 6059 6016 5318 808 9795 9906 1172 2530 8987 3077 485 2472 2287 5801 6244 840 7509 1526 9934 5687 817 390 541 7110 646 8989 9047 4896 4236 9852 6299 4151 6085 7421 4435 3893 8593 4884 5551 8319 1149 1351 5626 3908 1350 6073 413 1086 18 4237 3109 4934 2489 6079 1713 877 4046 1201 3625 9989 9924 8432 5380 9252 5389 1696 7942 4573 1606 9052 7876 8294 6402 4799 5708 2694 9571 2780 7543 5806 1912 298 1994 626 1028 4110 3866 3191 2031 9903 8122 7250 9135 8803 9268 738 5741 2087 7556 7891 3334 5139 9979 2033 4442 9967 699 2696 4968 2443 6447 9081 4307 9643 888 1841 3794 2018 7601 20 9755 9302 5950 7567 4020 9166 3651 3951 5205 8130 5176 5399 3320 5054 6074 2697 2394 6719 7359 6231 6221 7602 689 6725 3548 551 8729 8456 188 8135
2 9882 4469
2 447 2652
2 5988 8709
2 5044 9814
910 8307 4801 5780 4543 628 6455 9424 1746 6005 9010 685 8716 922 2165 8705 9316 8107 4092 4169 4354 4598 6200 2596 3605 2800 9216 7261 4162 7808 7088 7587 8832 93 7711 5658 9554 1090 2173 4273 2968 2501 5544 7031 8697 1950 3401 3720 8847 9385 4640 4238 9349 8718 5166 5430 5051 3698 404 8441 9430 8118 3632 8498 3942 9985 5321 4425 7746 3985 1569 8343 7176 6558 3543 5246 6113 3804 3654 8320 5263 7519 8074 6780 8897 1176 6243 9876 2175 5922 6481 394 575 4597 9702 2271 7729 2324 3719 3182 782 5165 2566 5837 9619 467 727 5322 707 538 3841 984 9585 4111 2616 7954 9607 6023 6836 1541 9075 8567 4971 3725 2615 3927 8434 1446 9220 4231 9665 4808 2272 2387 4766 6485 4427 3978 3112 9657 9298 784 4609 5756 2303 6417 8943 9027 1681 1860 5556 2346 1451 7771 1738 6185 2166 3366 7073 915 1516 1195 6282 1757 8867 3392 5900 5368 5682 1790 9504 8588 116 6101 571 1264 1781 30 1100 1437 7446 2138 4060 5288 6029 7624 2550 1355 2357 4750 23 8324 9621 8503 2457 3809 6936 7472 7799 363 3159 7071 1913 8011 7571 6731 8953 5366 4373 379 8055 5593 3274 1932 9456 9270 5217 9828 1546 9344 1824 9710 2906 8367 4665 7663 9529 9938 5355 5348 826 7411 94 6124 1272 4209 9767 7704 7126 392 3168 5252 8374 7152 339 9242 4557 2193 6176 8420 3162 2808 4692 8208 7642 7119 4715 9227 1690 9734 4477 9147 2738 1167 5755 5818 5890 3904 5022 5647 5472 8105 1929 812 1242 403 4681 828 8710 6988 3261 1867 1168 9804 2836 9868 6628 222 6579 3957 4840 5123 9676 2168 3238 1076 704 5785 1500 9515 4704 6847 9293 4203 4687 4997 7033 8818 6675 1140 1183 2952 7802 3106 297 6408 7209 9207 1399 5703 3648 2572 1642 8502 9198 5501 5023 5369 7716 3501 2876 7429 2397 8005 7147 2326 50 1957 8958 8985 4813 1108 8069 7793 9746 798 9441 8133 9576 1043 5443 6013 7760 9788 9065 6001 4554 409 9412 6586 6647 8993 9350 3484 8570 7497 37 9123 762 7710 5706 5893 263 8634 9384 939 5055 2728 1105 523 5234 1973 6769 3454 9224 341 5207 8945 3807 6896 3118 9336 7944 1467 8280 7599 7409 9501 9836 1512 1304 4235 7628 5119 2128 2608 6939 3131 271 1791 1146 3247 3540 3549 1371 1984 9447 9345 1759 2056 4870 7132 6668 9442 690 3389 7461 4565 9829 2511 5038 3756 7296 9273 4436 2631 3529 863 3079 2405 4368 1331 3069 909 412 4192 6925 396 8244 5475 2522 8250 1463 5152 3038 9277 1000 6816 7524 4740 2119 7572 6162 4256 1358 3362 9320 9608 4302 7929 7946 7166 5809 8533 8737 4291 9522 99 677 7639 4798 2032 7871 4415 9137 8880 3294 8925 2785 8501 3393 4770 7413 8475 8668 3092 9253 293 5183 8378 2877 3763 3270 3158 703 7803 5584 8960 7242 3695 8687 5124 7037 783 246 898 2519 5934 4033 1115 9399 8704 755 6645 8119 4900 6109 2376 8572 6528 1733 208 3563 8334 3139 9667 6920 713 9453 9942 3925 8242 8421 2224 3896 8285 5821 375 9069 854 5024 9606 1816 1660 8905 9356 5226 2684 2094 5731 3149 5664 4102 7206 9228 2789 8505 7841 484 8079 6170 2775 2163 5773 1306 5879 5528 9429 1792 2936 5620 4553 5070 9681 1974 596 5236 2030 6631 4039 6236 5938 6887 5940 9271 8754 8886 4736 961 6655 1987 9133 5409 6634 9821 6536 810 3898 2389 3545 4947 3863 1576 6259 9623 7150 959 88 335 499 7195 4294 9936 270 5121 6196 2768 5312 5333 5076 5817 3094 8742 9077 1002 3532 1815 9651 7382 304 8001 7222 3732 4629 4962 4069 165 9952 8422 1383 7283 4769 2063 4570 3812 179 1348 9231 3323 3827 7255 2281 2316 474 6790 8801 6574 2176 4953 7048 4979 2971 1417 7248 9825 5622 7012 146 8888 9358 5235 9590 405 9547 6386 9464 5013 4157 7449 6852 8876 7278 2298 7752 7961 2425 4421 6913 8350 5167 1394 5347 12 7978 6328 9258 8170 6364 3806 7408 1871 6667 7369 9718 5573 4494 3910 4833 5776 9675 8669 3091 8518 5085 1333 4682 9004 9325 8702 4031 750 9639 7184 8042 5865 1631 776 8152 9526 2685 7441 3210 5722 161 9015 5668 2561 8081 2230 9278 2627 3114 5797 659 8059 426 6182 6226 2707 4139 2011 5268 4340 9520 9176 6464 2887 4311 7592 1133 2459 9756 2942 9467 7103 448 3958 5543 2551 5492 6623 5667 3372 7303 4946 5059 2161 8404 1758 4603 9819 4963 3345 5433 4756 5796 1244 6735 1774 2514 8062 7328 5071 8856 235 2658 8249 9680 256 7276 5786 8216 8762 1271 153 3152 6770 2154 8136 2599 2192 8263 542 2242 5510 2371 6711 9493 1407 3933 7218 8896 1335 3333 3136 4956 7361 4616 9550 5428 7545 162 9071 6012 1302 8275 6228 8308 7191 9711 2351 8816 5231 5420 892 1926 9954 1010 7634 6701 9898 1311 7708 2110 736 8048 9327 1878 1578 8591 1427 381 1128 6784 8302 6159 6249 569 9341 5808 4010 7213 8614 5972 9774 380 2663 951 3452 1127 3671 3057 8476 9572 6378 3164 9095 9269 4881 5264 743 8833 6433 7597 7223 9103 5221 2290 469 565 8770
2 6843 1187
2 8683 1577
993 5470 5798 2076 3483 3473 5498 4054 6122 7142 902 1988 3305 6233 2574 8734 7966 8603 6875 2340 1771 5025 7309 8808 9986 7258 8580 6448 933 5471 795 8495 4709 7189 2104 8442 7396 3193 3037 8612 6548 6297 2651 8625 5875 8620 6263 1082 5942 9407 6562 3690 4514 6002 4085 2923 3784 9055 1720 3250 8678 5675 1008 3638 6524 6060 8354 5525 450 7874 3832 7603 2398 4925 1230 6321 6959 9763 6929 6656 2093 6399 1379 8623 2753 4082 4362 937 9281 186 8484 1937 5118 7109 4950 4219 1545 6329 1649 3104 8645 567 3218 8389 8205 4758 804 1721 9690 5924 3058 5958 5599 7700 4517 634 2559 4878 7003 3536 2485 3056 1557 2310 876 7317 7229 3931 5142 7029 2943 8401 472 1322 4416 7689 5602 7858 8388 6951 7785 197 3282 6856 861 6105 8036 8655 6710 6508 329 5197 3717 6688 6372 1323 9848 3379 1299 9177 4823 4928 7890 6834 4744 3141 6483 5358 7920 7270 6094 4959 1382 4601 9459 4260 9744 1257 8938 316 3779 6357 9797 2327 8229 9812 4513 2231 2582 6860 2779 7096 7204 7908 7266 9975 1879 5126 2156 1091 9359 7551 1438 3064 9185 7877 5173 1497 7646 5519 5144 6581 9874 8916 334 7625 4949 8661 9093 6595 6942 9113 6255 520 3984 9127 2475 629 6610 7281 9725 2644 2940 8893 7405 6868 2399 5007 4357 4088 4401 3219 5853 6984 5132 7365 7198 1644 6972 2741 6521 7377 8200 8439 2253 9367 6117 5110 2839 8210 4995 6677 625 1131 8756 4619 7484 972 3311 7850 5015 7087 1723 4832 5407 5656 8192 5056 1235 2872 1916 4691 6762 5086 86 3581 1 5760 4397 369 6795 425 8715 2159 3073 6882 6771 7957 4488 2473 5177 5444 1031 5060 4837 6007 6997 8549 2226 1349 7416 4726 8171 6531 2035 8150 5337 9602 4168 5222 1155 1933 9089 5952 6587 5509 4066 9405 1667 4588 6180 4975 7259 749 8531 4613 357 3260 4851 2053 3528 5440 8978 9699 9658 4526 9396 3961 1618 3209 8560 5384 7466 8950 2131 9074 2238 1695 7124 65 4600 5877 6469 9726 9885 2437 4359 1269 4091 2122 9237 3677 8131 9339 5008 5187 9439 8538 9684 2164 6554 1586 5830 611 2267 3729 1908 5949 5548 2220 4135 5598 8851 6672 7928 120 5771 2587 4350 5693 1939 7306 299 8181 6082 105 8214 2028 9733 3225 2186 8592 9477 6147 9048 806 4462 7516 9517 1118 858 1489 1942 9731 1170 8399 8553 7975 7840 8850 9000 1385 4952 5697 7706 73 1773 9973 4387 3450 1337 5206 7766 3665 3589 5327 4836 4737 4985 4805 3408 14 1144 5913 9244 7112 7226 9001 5158 612 5401 7473 9612 1041 8875 7447 1004 2689 289 4316 3438 5908 9005 7614 6775 1615 8368 7210 7588 1303 3144 8891 1361 8583 1668 6854 8328 8238 880 9164 5857 9634 3971 4929 2879 2235 9780 8712 5788 3179 9057 2052 5677 283 1630 210 2205 254 3621 9766 5665 8489 8556 696 9121 864 5829 365 24 2948 8372 9716 949 2665 1778 199 7047 8931 2899 2177 6517 7099 7839 2905 5089 1658 4022 8240 1426 4735 6072 5712 1835 1422 1752 8376 1821 8058 6830 6442 1044 7412 4180 7224 4731 7927 9045 9730 5106 3151 7776 9114 7430 9107 7220 6127 2868 5889 8964 6981 6489 6031 4259 6153 5910 7780 7227 8701 2648 9706 3081 623 4413 4096 5511 3284 7867 7506 1519 1783 39 4718 2049 7190 6568 9184 7163 2069 8976 8277 8016 1787 5199 9875 4788 8101 7745 5131 8494 7106 4812 2379 2017 3764 373 7510 6419 772 1366 2840 3115 1780 3181 8203 4774 6303 5918 4194 5611 240 2359 988 354 2581 9380 1178 4030 15 3687 745 1057 5874 3613 1628 9363 5728 770 6563 5507 4130 4885 9416 5244 4064 1332 6572 6615 1432 5692 8913 6598 439 8067 8983 1505 1513 8557 8991 9964 6281 6387 4288 3963 2198 8408 3074 292 3980 853 668 4845 9536 1285 5134 189 1390 639 115 3237 3348 3578 6055 9347 5365 9512 1180 5559 9434 9029 3741 921 5294 3899 5028 3498 8068 2967 5157 6680 4328 3061 2401 7243 5203 7116 9859 4225 7403 1735 3826 8990 4741 8341 9977 3243 9299 2502 358 1581 8293 7067 6504 6904 3422 3911 4688 2286 7026 8608 6853 3315 7769 1742 291 3626 1680 3838 1517 3685 4540 599 3641 3751 3357 2990 8793 80 3684 457 5245 7343 3579 8204 1719 4337 8766 7314 1919 5306 4828 158 5182 7333 3252 8140 9495 8026 9856 9365 1375 4446 9454 498 6916 2133 5087 7105 5810 6396 855 1549 1292 249 89 1963 4998 3773 2021 7847 3539 6146 5984 3295 2000 3793 5181 1656 492 8006 2660 8449 6467 8438 4549 4579 7221 5779 9553 6943 6691 7636 6978 1998 4954 8032 992 7051 9864 9303 9318 8139 1260 1448 9990 441 8287 7664 9950 4173 3805 8255 6952 1377 5635 9894 4689 5826 4013 9661 4371 836 6756 4217 7805 5962 890 8045 6307 5998 8834 4274 6966 6314 4056 8496 5768 3580 2384 430 7537 1840 9790 9909 8190 1203 2771 9654 8665 2044 7237 8844 5726 5120 8271 3547 6070 8471 9186 5148 773 9104 1465 860 8444 2385 1138 4762 8872 1969 67 2358 5499 4787 2314 481 5272 9951 4333 1980 1730 8722 8447 3689 6683 6535 1137 2907 3095 9083 6819 4867 3169 6607 5225 3761 8624 978 3791 4482 8366 7081 2850 6964 2538 164 9929 3752 7659 3509 8296 440 7155 4121 479 1960 3753 5558 5713 198 669 3224 7532 5285 7140 2988 6421 8817 3310 4037 3018 873 622 5554 4375 9871 3503 8674 1838 6971 4193 3624 3170 6670 7869 9818 3688 1268 4533 3877 5439 4886 9559 8196 8642 6465 5872 8413 882 2391 4516 4474 9377 243 2280
44 4712 6669 4278 4479 173 4242 8087 3105 9379 9605 4515 8840 7041 8225 7290 6606 1779 8418 4660 3790 4226 856 1101 5931 2668 9452 4623 184 9540 282 3597 2232 2034 2886 8363 6168 1066 2641 8578 4932 2025 5282 351 2702
2 7718 6330
